FK_USER_ID,avg_impact_hr,max_impact_hr,session_count,impact_sign
120,-0.05741626794258373,31.0,211,-1.0
129,-0.14457831325301204,58.0,85,-1.0
215,0.03355704697986577,27.0,151,1.0
466,0.43373493975903615,54.0,85,1.0
727,0.10256410256410256,51.0,80,1.0
1022,-0.04926108374384237,9.0,205,-1.0
1068,0.061224489795918366,38.0,99,1.0
1184,0.0,8.0,144,0.0
1315,0.17054263565891473,32.0,131,1.0
1418,0.48,12.0,27,1.0
1532,0.0072992700729927005,24.0,138,1.0
1616,0.03787878787878788,11.0,134,1.0
1861,0.4,50.0,17,1.0
1901,-0.7727272727272727,26.0,24,-1.0
1906,-0.011494252873563218,22.0,89,-1.0
2103,-0.028169014084507043,15.0,143,-1.0
2307,0.1044776119402985,23.0,69,1.0
2419,0.0625,10.0,50,1.0
2645,-0.3333333333333333,10.0,13,-1.0
2688,-0.11510791366906475,16.0,141,-1.0
2716,0.014084507042253521,28.0,144,1.0
2796,-0.291044776119403,44.0,136,-1.0
3153,0.02142857142857143,10.0,141,1.0
3198,-0.11851851851851852,14.0,137,-1.0
3211,-0.06349206349206349,12.0,65,-1.0
3274,0.014084507042253521,12.0,144,1.0
3321,0.37037037037037035,35.0,29,1.0
3445,0.06666666666666667,10.0,152,1.0
3671,-0.11409395973154363,16.0,151,-1.0
3728,-0.0018957345971563982,17.0,1057,-1.0
3772,0.028735632183908046,17.0,176,1.0
3913,-1.5,3.0,12,-1.0
3942,-0.25675675675675674,17.0,75,-1.0
4001,-0.014925373134328358,24.0,136,-1.0
4044,-0.075,20.0,121,-1.0
4063,0.05263157894736842,10.0,135,1.0
4211,2.4444444444444446,16.0,10,1.0
4339,-0.32653061224489793,20.0,51,-1.0
4343,0.011560693641618497,10.0,175,1.0
4348,-0.057692307692307696,15.0,106,-1.0
4466,-0.06474820143884892,38.0,140,-1.0
4501,0.39215686274509803,20.0,53,1.0
4561,-0.21052631578947367,28.0,21,-1.0
4697,-0.02,8.0,52,-1.0
4955,-0.12413793103448276,27.0,147,-1.0
4992,0.9863013698630136,74.0,75,1.0
5004,-0.06521739130434782,10.0,140,-1.0
5089,-0.3488372093023256,17.0,45,-1.0
5177,0.029250457038391225,18.0,549,1.0
5451,0.1,28.0,62,1.0
5461,-0.02857142857142857,58.0,37,-1.0
5852,0.109375,55.0,66,1.0
5917,-0.11864406779661017,30.0,120,-1.0
5928,-0.22115384615384615,16.0,105,-1.0
5937,0.0990990990990991,27.0,113,1.0
6045,0.08333333333333333,4.0,13,1.0
6061,0.36666666666666664,44.0,92,1.0
6135,-0.6222222222222222,33.0,47,-1.0
6195,-0.2786885245901639,23.0,63,-1.0
6360,-0.06770833333333333,21.0,194,-1.0
6406,0.011461318051575931,17.0,351,1.0
6536,-0.0761904761904762,25.0,107,-1.0
6604,-0.02830188679245283,14.0,108,-1.0
6812,0.08823529411764706,28.0,137,1.0
6867,0.12949640287769784,69.0,141,1.0
6886,0.1037037037037037,20.0,136,1.0
6928,-0.3291139240506329,47.0,80,-1.0
6960,-0.1079136690647482,13.0,140,-1.0
7228,-0.09278350515463918,6.0,99,-1.0
7250,-0.1259259259259259,14.0,137,-1.0
7336,0.021897810218978103,6.0,139,1.0
7450,0.075,19.0,122,1.0
7860,0.058333333333333334,10.0,122,1.0
8065,0.00949367088607595,9.0,318,1.0
8126,0.03591160220994475,60.0,364,1.0
8227,0.036231884057971016,16.0,140,1.0
8389,0.20754716981132076,26.0,55,1.0
8656,-0.10101010101010101,30.0,101,-1.0
8708,-0.574468085106383,33.0,48,-1.0
8874,0.14,15.0,102,1.0
9038,-0.1282051282051282,25.0,119,-1.0
9092,0.023809523809523808,33.0,86,1.0
9144,-0.02197802197802198,27.0,184,-1.0
9192,0.013513513513513514,17.0,76,1.0
9262,-0.3333333333333333,6.0,10,-1.0
9277,-0.5,75.0,26,-1.0
9515,-0.037037037037037035,31.0,56,-1.0
9516,-0.22448979591836735,21.0,149,-1.0
9634,-0.07194244604316546,21.0,141,-1.0
9654,-0.007751937984496124,20.0,131,-1.0
9692,0.14772727272727273,29.0,90,1.0
9760,-0.1347517730496454,11.0,142,-1.0
9903,-0.09285714285714286,17.0,142,-1.0
9979,0.06875,10.0,162,1.0
10032,0.1836734693877551,14.0,51,1.0
10048,-0.007246376811594203,27.0,140,-1.0
10239,0.025974025974025976,12.0,156,1.0
10267,0.17532467532467533,60.0,156,1.0
10354,-0.21705426356589147,44.0,131,-1.0
10523,-0.14743589743589744,20.0,158,-1.0
10538,0.0,14.0,136,0.0
10587,0.21804511278195488,20.0,135,1.0
10632,-0.018518518518518517,25.0,55,-1.0
10642,-0.2967032967032967,13.0,93,-1.0
10655,-0.2,38.0,77,-1.0
10851,-0.03225806451612903,9.0,33,-1.0
10887,0.16883116883116883,18.0,79,1.0
10904,-0.4166666666666667,16.0,50,-1.0
10947,-0.017857142857142856,40.0,114,-1.0
11039,-0.12030075187969924,22.0,135,-1.0
11124,0.13559322033898305,20.0,179,1.0
11220,0.25316455696202533,18.0,81,1.0
11231,0.02197802197802198,21.0,93,1.0
11262,-0.11702127659574468,43.0,96,-1.0
11415,-0.06666666666666667,15.0,46,-1.0
11590,0.016666666666666666,25.0,121,1.0
11614,-0.1386861313868613,20.0,138,-1.0
11621,-0.024193548387096774,12.0,126,-1.0
11646,0.11023622047244094,29.0,129,1.0
11830,0.03597122302158273,18.0,141,1.0
11880,0.2413793103448276,72.0,30,1.0
12187,0.056818181818181816,20.0,178,1.0
12439,-0.07575757575757576,33.0,67,-1.0
12526,-0.07894736842105263,14.0,40,-1.0
12621,1.8928571428571428,50.0,30,1.0
12640,0.037037037037037035,20.0,136,1.0
12926,0.08759124087591241,59.0,138,1.0
12962,0.03680981595092025,20.0,165,1.0
13132,-0.1,15.0,32,-1.0
13282,0.7272727272727273,12.0,24,1.0
13347,0.0730593607305936,14.0,221,1.0
13364,-0.2,9.0,17,-1.0
13520,-0.39436619718309857,39.0,73,-1.0
13669,-0.2198581560283688,43.0,143,-1.0
13738,-0.04854368932038835,24.0,105,-1.0
13844,-0.18248175182481752,22.0,138,-1.0
14064,-0.03875968992248062,22.0,260,-1.0
14085,0.19540229885057472,41.0,89,1.0
14153,0.15151515151515152,33.0,133,1.0
14279,0.0,23.0,169,0.0
14367,-0.03296703296703297,23.0,184,-1.0
14559,-0.2624113475177305,26.0,142,-1.0
14611,0.2413793103448276,16.0,30,1.0
14956,-0.008928571428571428,28.0,114,-1.0
14965,0.03571428571428571,17.0,142,1.0
14980,0.006230529595015576,27.0,323,1.0
15049,-0.3111111111111111,28.0,137,-1.0
15063,0.14285714285714285,37.0,51,1.0
15117,0.017857142857142856,89.0,57,1.0
15121,-0.07971014492753623,10.0,140,-1.0
15152,-0.9047619047619048,49.0,23,-1.0
15352,-0.04032258064516129,20.0,126,-1.0
15501,-0.4772727272727273,23.0,45,-1.0
15505,-0.013071895424836602,24.0,308,-1.0
15717,-1.1794871794871795,20.0,41,-1.0
15964,-0.12121212121212122,23.0,67,-1.0
16017,0.15555555555555556,21.0,136,1.0
16187,-0.04375,9.0,162,-1.0
16515,0.040983606557377046,16.0,123,1.0
16587,0.04032258064516129,31.0,125,1.0
16661,-0.06896551724137931,21.0,89,-1.0
16671,0.36363636363636365,10.0,24,1.0
16717,0.2198581560283688,31.0,143,1.0
16964,-0.058394160583941604,19.0,139,-1.0
17067,0.2,5.0,11,1.0
17069,0.044444444444444446,34.0,137,1.0
17109,-0.45714285714285713,28.0,37,-1.0
17207,1.24,56.0,27,1.0
17229,-0.17647058823529413,9.0,18,-1.0
17243,0.08860759493670886,16.0,80,1.0
17569,0.06493506493506493,22.0,79,1.0
17654,0.25,11.0,26,1.0
18189,-0.22727272727272727,29.0,134,-1.0
18203,0.11,30.0,102,1.0
18486,-0.09523809523809523,17.0,65,-1.0
18622,0.0707070707070707,29.0,100,1.0
18785,0.018018018018018018,18.0,113,1.0
18854,1.1818181818181819,51.0,35,1.0
18879,0.18253968253968253,16.0,128,1.0
19187,0.0,18.0,106,0.0
19205,0.2857142857142857,21.0,51,1.0
19245,-0.24675324675324675,23.0,78,-1.0
19268,-0.018691588785046728,43.0,109,-1.0
19565,0.43859649122807015,40.0,59,1.0
19648,-0.11486486486486487,26.0,150,-1.0
19700,0.17543859649122806,15.0,59,1.0
19797,0.0392156862745098,31.0,104,1.0
20018,-0.08294930875576037,11.0,219,-1.0
20198,-0.11976047904191617,18.0,169,-1.0
20232,-0.11827956989247312,27.0,188,-1.0
20325,0.5,7.0,22,1.0
20492,-0.05263157894736842,27.0,154,-1.0
20506,-0.14754098360655737,22.0,124,-1.0
20606,0.14285714285714285,13.0,51,1.0
20720,-0.6956521739130435,22.0,25,-1.0
20920,-0.6666666666666666,14.0,23,-1.0
21026,0.7857142857142857,51.0,29,1.0
21029,-0.1111111111111111,28.0,10,-1.0
21119,-0.23404255319148937,19.0,48,-1.0
21178,-0.7407407407407407,17.0,28,-1.0
21255,-0.057971014492753624,26.0,140,-1.0
21290,-0.10784313725490197,30.0,103,-1.0
21364,0.056,21.0,126,1.0
21365,-0.03937007874015748,11.0,129,-1.0
21443,-0.1834862385321101,16.0,111,-1.0
21597,0.10752688172043011,11.0,95,1.0
21699,0.3888888888888889,25.0,37,1.0
21775,0.075,38.0,41,1.0
21851,0.005917159763313609,13.0,171,1.0
21947,0.8823529411764706,62.0,19,1.0
22110,0.024096385542168676,21.0,85,1.0
22120,0.11428571428571428,14.0,107,1.0
22331,-0.3275862068965517,20.0,59,-1.0
22479,-0.046511627906976744,32.0,88,-1.0
22565,0.14893617021276595,25.0,95,1.0
22691,-0.18421052631578946,9.0,40,-1.0
22809,0.10191082802547771,19.0,159,1.0
22883,-0.029197080291970802,19.0,139,-1.0
22885,0.1414141414141414,18.0,100,1.0
23040,0.05714285714285714,48.0,141,1.0
23087,-0.24,13.0,27,-1.0
23207,-0.014218009478672985,24.0,213,-1.0
23515,0.2692307692307692,15.0,28,1.0
23613,-0.08108108108108109,18.0,150,-1.0
23616,-0.22602739726027396,22.0,148,-1.0
23634,0.7692307692307693,46.0,41,1.0
23635,0.8235294117647058,46.0,35,1.0
23734,0.0,23.0,139,0.0
23878,-0.11818181818181818,20.0,112,-1.0
23919,0.06140350877192982,30.0,116,1.0
23945,0.23275862068965517,43.0,118,1.0
24003,-0.017094017094017096,36.0,236,-1.0
24025,-0.28205128205128205,8.0,41,-1.0
24064,0.6153846153846154,13.0,15,1.0
24074,-0.1346153846153846,37.0,53,-1.0
24159,-0.015625,26.0,130,-1.0
24212,-0.2569444444444444,22.0,146,-1.0
24242,0.07377049180327869,46.0,124,1.0
24255,-1.0975609756097562,10.0,43,-1.0
24261,-0.007751937984496124,11.0,260,-1.0
24289,-0.09302325581395349,22.0,87,-1.0
24303,-0.24444444444444444,10.0,47,-1.0
24345,0.4230769230769231,84.0,105,1.0
24394,0.6923076923076923,23.0,28,1.0
24433,0.3392857142857143,9.0,58,1.0
24461,0.014705882352941176,11.0,138,1.0
24538,-0.15584415584415584,20.0,79,-1.0
24551,-0.0234375,19.0,129,-1.0
24562,0.04918032786885246,23.0,62,1.0
24723,-2.0,88.0,21,-1.0
24742,0.0,46.0,140,0.0
24823,0.04225352112676056,43.0,286,1.0
24831,0.4,21.0,42,1.0
25032,0.020833333333333332,10.0,49,1.0
25312,0.25203252032520324,31.0,125,1.0
25419,-0.03529411764705882,7.0,86,-1.0
25423,-0.9850746268656716,72.0,68,-1.0
25443,-0.08527131782945736,22.0,131,-1.0
25580,-0.05947955390334572,15.0,271,-1.0
25615,0.05755395683453238,16.0,140,1.0
25623,0.06428571428571428,20.0,142,1.0
25675,1.8333333333333333,17.0,14,1.0
25721,0.10084033613445378,27.0,121,1.0
25755,-1.5714285714285714,12.0,15,-1.0
25776,0.2702702702702703,21.0,39,1.0
25831,0.08163265306122448,17.0,149,1.0
25847,-0.02717391304347826,20.0,186,-1.0
25896,0.6875,22.0,34,1.0
25909,-1.8333333333333333,32.0,25,-1.0
25982,1.8888888888888888,26.0,10,1.0
25990,-1.0769230769230769,10.0,15,-1.0
26021,0.02877697841726619,19.0,140,1.0
26175,-0.875,4.0,18,-1.0
26190,0.5555555555555556,6.0,10,1.0
26280,0.0,15.0,79,0.0
26288,-0.2361111111111111,12.0,74,-1.0
26382,0.15555555555555556,8.0,47,1.0
26393,-0.32,14.0,27,-1.0
26527,-0.7692307692307693,44.0,67,-1.0
26554,-0.25210084033613445,62.0,121,-1.0
26581,-0.021897810218978103,13.0,139,-1.0
26644,-0.11290322580645161,9.0,126,-1.0
26692,0.0234375,15.0,130,1.0
26734,0.009009009009009009,17.0,113,1.0
26736,-0.04,39.0,126,-1.0
26767,0.3488372093023256,42.0,44,1.0
26771,0.058823529411764705,19.0,18,1.0
26807,-0.007142857142857143,10.0,141,-1.0
26997,-0.45161290322580644,33.0,32,-1.0
27259,0.16216216216216217,18.0,38,1.0
27262,0.2127659574468085,30.0,49,1.0
27265,-0.03669724770642202,9.0,111,-1.0
27268,2.9285714285714284,26.0,16,1.0
27282,-0.5416666666666666,33.0,98,-1.0
27292,-0.05063291139240506,13.0,81,-1.0
27341,-0.030927835051546393,6.0,293,-1.0
27359,0.1111111111111111,12.0,47,1.0
27430,-0.16666666666666666,13.0,110,-1.0
27478,0.0,20.0,133,0.0
27602,0.0,18.0,93,0.0
27643,-0.006944444444444444,20.0,146,-1.0
27684,-0.04807692307692308,27.0,105,-1.0
27771,0.02962962962962963,24.0,137,1.0
27780,0.0,31.0,24,0.0
27783,0.0375,22.0,162,1.0
27786,-0.29927007299270075,49.0,139,-1.0
27849,0.07228915662650602,27.0,85,1.0
27854,-0.06569343065693431,28.0,139,-1.0
27871,0.09523809523809523,36.0,106,1.0
27877,0.31868131868131866,26.0,92,1.0
27918,-0.028985507246376812,16.0,139,-1.0
27928,-0.15384615384615385,7.0,15,-1.0
27993,-0.046153846153846156,52.0,131,-1.0
28032,-0.15671641791044777,17.0,135,-1.0
28062,-0.1111111111111111,24.0,137,-1.0
28079,-0.009708737864077669,17.0,104,-1.0
28080,0.02666666666666667,39.0,76,1.0
28131,0.043795620437956206,19.0,138,1.0
28181,-0.1328125,12.0,130,-1.0
28182,-0.3,9.0,11,-1.0
28185,-0.2,31.0,32,-1.0
28220,0.04316546762589928,12.0,141,1.0
28232,-0.4691358024691358,57.0,83,-1.0
28233,0.0,28.0,133,0.0
28238,1.125,40.0,34,1.0
28239,0.16666666666666666,16.0,97,1.0
28240,-0.8333333333333334,42.0,49,-1.0
28303,0.04504504504504504,10.0,113,1.0
28313,-0.05042016806722689,79.0,121,-1.0
28347,-0.11538461538461539,17.0,27,-1.0
28385,-1.5,4.0,15,-1.0
28391,-0.8076923076923077,24.0,28,-1.0
28426,0.18604651162790697,36.0,88,1.0
28430,-0.18571428571428572,24.0,72,-1.0
28464,-0.4090909090909091,13.0,24,-1.0
28467,0.07964601769911504,45.0,114,1.0
28481,0.07246376811594203,15.0,140,1.0
28530,-0.0136986301369863,25.0,74,-1.0
28552,0.006097560975609756,13.0,166,1.0
28556,-0.26506024096385544,28.0,84,-1.0
28569,0.032,13.0,126,1.0
28574,0.007042253521126761,15.0,144,1.0
28584,0.05238095238095238,12.0,212,1.0
28596,0.06428571428571428,16.0,141,1.0
28661,0.05263157894736842,32.0,154,1.0
28688,-0.03731343283582089,7.0,135,-1.0
28699,-0.07352941176470588,23.0,138,-1.0
28720,0.07692307692307693,12.0,132,1.0
28736,0.04065040650406504,28.0,124,1.0
28761,0.043478260869565216,16.0,140,1.0
28762,-0.10948905109489052,34.0,139,-1.0
28807,-0.07352941176470588,27.0,206,-1.0
28839,0.0,18.0,56,0.0
28844,0.06666666666666667,16.0,62,1.0
28867,-0.09523809523809523,28.0,86,-1.0
28873,-0.18840579710144928,31.0,140,-1.0
28876,-0.2184873949579832,26.0,120,-1.0
28879,-0.4,17.0,42,-1.0
28916,-0.078125,22.0,130,-1.0
28923,-0.034722222222222224,15.0,146,-1.0
28997,0.014285714285714285,15.0,141,1.0
29018,0.11594202898550725,39.0,140,1.0
29076,-0.007142857142857143,18.0,142,-1.0
29141,-0.2631578947368421,18.0,40,-1.0
29198,-0.06896551724137931,14.0,30,-1.0
29217,-0.05660377358490566,24.0,55,-1.0
29263,0.1276595744680851,38.0,95,1.0
29281,0.02040816326530612,22.0,100,1.0
29283,-0.4444444444444444,12.0,10,-1.0
29285,0.06818181818181818,20.0,134,1.0
29288,0.047619047619047616,28.0,128,1.0
29319,-0.12121212121212122,27.0,101,-1.0
29369,-0.6190476190476191,11.0,22,-1.0
29409,0.25,27.0,45,1.0
29414,0.055350553505535055,24.0,273,1.0
29532,-0.022222222222222223,13.0,227,-1.0
29551,-0.3953488372093023,18.0,45,-1.0
29570,0.08955223880597014,8.0,69,1.0
29579,0.1736111111111111,16.0,146,1.0
29622,0.07633587786259542,34.0,132,1.0
29667,0.013157894736842105,19.0,154,1.0
29699,-0.10071942446043165,21.0,140,-1.0
29719,-0.039473684210526314,46.0,154,-1.0
29738,-0.03597122302158273,26.0,141,-1.0
29739,-0.2949640287769784,78.0,141,-1.0
29745,0.2230769230769231,53.0,131,1.0
29761,-0.18382352941176472,56.0,138,-1.0
29786,0.1875,31.0,114,1.0
29870,-0.022222222222222223,15.0,136,-1.0
29892,-0.03389830508474576,14.0,179,-1.0
29895,-0.2,23.0,137,-1.0
29906,0.021897810218978103,11.0,139,1.0
29907,-0.06547619047619048,10.0,170,-1.0
29926,0.019801980198019802,23.0,102,1.0
29942,-0.02040816326530612,22.0,100,-1.0
29954,0.019230769230769232,24.0,105,1.0
30000,-0.35714285714285715,36.0,86,-1.0
30043,0.9661016949152542,56.0,61,1.0
30067,-0.45161290322580644,33.0,32,-1.0
30068,0.0625,17.0,130,1.0
30080,-0.3944954128440367,37.0,110,-1.0
30132,0.09933774834437085,27.0,153,1.0
30136,0.044444444444444446,38.0,136,1.0
30140,0.03305785123966942,31.0,122,1.0
30142,0.02142857142857143,11.0,141,1.0
30144,-0.45161290322580644,33.0,32,-1.0
30171,0.10687022900763359,34.0,133,1.0
30184,-0.015037593984962405,20.0,135,-1.0
30194,0.05555555555555555,33.0,128,1.0
30229,-0.7391304347826086,43.0,25,-1.0
30233,0.9285714285714286,12.0,15,1.0
30247,-0.3076923076923077,29.0,80,-1.0
30260,0.0673758865248227,19.0,284,1.0
30307,0.10743801652892562,15.0,122,1.0
30320,0.046153846153846156,50.0,131,1.0
30337,0.15294117647058825,19.0,87,1.0
30343,-0.021164021164021163,9.0,191,-1.0
30344,-0.08759124087591241,21.0,138,-1.0
30446,-0.02608695652173913,9.0,116,-1.0
30492,-0.03,36.0,102,-1.0
30524,-0.1357142857142857,20.0,141,-1.0
30554,-0.08,19.0,126,-1.0
30611,-0.05263157894736842,38.0,97,-1.0
30612,0.0,9.0,141,0.0
30684,-0.09259259259259259,20.0,110,-1.0
30696,-0.08837209302325581,30.0,217,-1.0
30706,0.05,31.0,162,1.0
30728,-0.04929577464788732,16.0,143,-1.0
30731,-0.08849557522123894,18.0,114,-1.0
30742,0.007194244604316547,20.0,140,1.0
30787,-0.06521739130434782,18.0,140,-1.0
30879,-0.19117647058823528,35.0,137,-1.0
30910,-0.04929577464788732,16.0,143,-1.0
30933,0.07441860465116279,18.0,217,1.0
30940,0.03676470588235294,20.0,138,1.0
30953,0.050359712230215826,19.0,140,1.0
31009,-0.34615384615384615,34.0,54,-1.0
31033,0.05454545454545454,14.0,57,1.0
31035,-0.06896551724137931,18.0,88,-1.0
31038,0.07746478873239436,19.0,144,1.0
31040,-0.08080808080808081,49.0,101,-1.0
31095,-0.07857142857142857,30.0,142,-1.0
31109,0.006944444444444444,13.0,146,1.0
31117,-0.09905660377358491,16.0,214,-1.0
31148,-0.05263157894736842,30.0,20,-1.0
31188,-0.014285714285714285,18.0,141,-1.0
31242,0.015037593984962405,24.0,134,1.0
31266,-0.10294117647058823,17.0,137,-1.0
31276,-0.08163265306122448,12.0,149,-1.0
31339,-0.007874015748031496,27.0,128,-1.0
31347,0.014925373134328358,25.0,135,1.0
31388,0.11504424778761062,22.0,115,1.0
31463,0.08823529411764706,18.0,137,1.0
31489,0.2602739726027397,38.0,148,1.0
31496,0.021052631578947368,13.0,192,1.0
31500,0.062111801242236024,32.0,163,1.0
31546,-0.3247863247863248,26.0,119,-1.0
31563,0.35964912280701755,38.0,116,1.0
31568,0.09375,17.0,66,1.0
31581,0.0,41.0,133,0.0
31592,1.5555555555555556,14.0,11,1.0
31600,0.12878787878787878,34.0,134,1.0
31611,0.0,13.0,142,0.0
31634,-0.5733333333333334,30.0,76,-1.0
31656,0.05,16.0,142,1.0
31697,-0.5681818181818182,16.0,46,-1.0
31706,-0.06622516556291391,9.0,153,-1.0
31707,-0.08552631578947369,21.0,154,-1.0
31760,0.06206896551724138,13.0,147,1.0
31794,1.4444444444444444,9.0,11,1.0
31805,-0.15517241379310345,40.0,117,-1.0
31978,-0.034482758620689655,5.0,31,-1.0
32021,-0.06521739130434782,34.0,139,-1.0
32025,-0.15384615384615385,11.0,14,-1.0
32037,0.07462686567164178,22.0,136,1.0
32041,-0.16216216216216217,44.0,113,-1.0
32053,0.011764705882352941,18.0,172,1.0
32059,-0.19727891156462585,70.0,148,-1.0
32064,-0.2777777777777778,7.0,38,-1.0
32088,-0.12949640287769784,32.0,140,-1.0
32120,-0.2727272727272727,33.0,134,-1.0
32121,0.13095238095238096,13.0,86,1.0
32122,-0.024390243902439025,13.0,84,-1.0
32147,-0.6176470588235294,58.0,35,-1.0
32150,0.38596491228070173,24.0,59,1.0
32166,0.140625,9.0,66,1.0
32173,-0.03870967741935484,15.0,157,-1.0
32194,0.04201680672268908,21.0,121,1.0
32224,-0.050359712230215826,9.0,141,-1.0
32258,-0.21100917431192662,10.0,110,-1.0
32289,0.02857142857142857,21.0,72,1.0
32375,-0.19008264462809918,28.0,123,-1.0
32411,0.11594202898550725,40.0,140,1.0
32516,-0.04838709677419355,19.0,63,-1.0
32525,-0.205607476635514,15.0,109,-1.0
32533,-0.12380952380952381,9.0,107,-1.0
32535,0.041666666666666664,16.0,25,1.0
32599,0.05128205128205128,33.0,119,1.0
32615,0.07758620689655173,21.0,117,1.0
32723,-0.08,14.0,51,-1.0
32744,-0.06763285024154589,6.0,209,-1.0
32753,-4.1,0.0,11,-1.0
32784,-0.016,29.0,126,-1.0
32791,0.014705882352941176,15.0,70,1.0
32799,0.043478260869565216,25.0,140,1.0
32845,1.0217391304347827,34.0,48,1.0
32850,-0.10126582278481013,8.0,160,-1.0
32898,-0.07317073170731707,22.0,42,-1.0
32912,-0.02857142857142857,13.0,36,-1.0
32918,-0.5263157894736842,23.0,40,-1.0
32947,-0.12643678160919541,27.0,88,-1.0
33020,0.021052631578947368,11.0,97,1.0
33022,-0.1,10.0,72,-1.0
33075,-0.1590909090909091,33.0,46,-1.0
33079,-0.13043478260869565,43.0,139,-1.0
33127,-0.06474820143884892,11.0,140,-1.0
33145,0.014925373134328358,24.0,136,1.0
33161,0.061068702290076333,28.0,132,1.0
33214,0.41304347826086957,40.0,94,1.0
33282,0.8837209302325582,78.0,45,1.0
33288,-0.028985507246376812,32.0,139,-1.0
33325,-0.27358490566037735,29.0,108,-1.0
33327,-0.056338028169014086,35.0,144,-1.0
33341,-0.07142857142857142,16.0,141,-1.0
33347,0.12962962962962962,72.0,110,1.0
33352,-0.3333333333333333,18.0,26,-1.0
33368,0.021739130434782608,10.0,48,1.0
33478,-0.9090909090909091,11.0,12,-1.0
33511,0.03571428571428571,20.0,141,1.0
33571,0.12380952380952381,22.0,107,1.0
33583,-0.05714285714285714,34.0,141,-1.0
33637,-0.12878787878787878,25.0,134,-1.0
33638,-0.007246376811594203,27.0,140,-1.0
33674,0.06521739130434782,18.0,48,1.0
33721,1.1304347826086956,23.0,25,1.0
33746,0.0,12.0,122,0.0
33795,-0.02,16.0,302,-1.0
33803,-0.1897810218978102,25.0,139,-1.0
33815,-0.10948905109489052,9.0,138,-1.0
33873,-0.008264462809917356,23.0,123,-1.0
33917,-0.21739130434782608,13.0,94,-1.0
33947,0.08759124087591241,29.0,139,1.0
33957,-0.08108108108108109,24.0,113,-1.0
33977,0.072,14.0,127,1.0
33986,-0.09375,13.0,130,-1.0
33993,0.07194244604316546,11.0,141,1.0
33995,-0.1724137931034483,55.0,88,-1.0
34018,-0.03546099290780142,25.0,142,-1.0
34030,-0.9166666666666666,16.0,25,-1.0
34050,0.10948905109489052,30.0,138,1.0
34104,-0.03937007874015748,15.0,128,-1.0
34114,-0.2,17.0,16,-1.0
34129,-0.19672131147540983,17.0,63,-1.0
34137,-0.125,4.0,10,-1.0
34185,0.0,11.0,142,0.0
34211,-0.15079365079365079,27.0,128,-1.0
34236,0.02127659574468085,44.0,95,1.0
34242,-0.19424460431654678,10.0,141,-1.0
34305,-0.2540983606557377,47.0,123,-1.0
34348,-0.05185185185185185,16.0,136,-1.0
34355,0.20348837209302326,31.0,174,1.0
34358,-0.24324324324324326,23.0,39,-1.0
34372,0.030303030303030304,51.0,100,1.0
34387,0.7272727272727273,15.0,13,1.0
34397,0.01818181818181818,33.0,387,1.0
34428,0.05405405405405406,30.0,75,1.0
34447,-0.3028169014084507,45.0,144,-1.0
34449,0.034482758620689655,13.0,147,1.0
34452,0.02158273381294964,9.0,140,1.0
34466,2.9285714285714284,51.0,15,1.0
34491,-0.2717391304347826,42.0,93,-1.0
34495,0.4305555555555556,26.0,74,1.0
34497,-0.015151515151515152,34.0,134,-1.0
34551,-0.03571428571428571,26.0,142,-1.0
34566,-0.007194244604316547,11.0,141,-1.0
34598,0.5111111111111111,39.0,46,1.0
34620,0.06403940886699508,15.0,205,1.0
34629,0.0,46.0,86,0.0
34630,-0.020618556701030927,18.0,99,-1.0
34637,0.7,13.0,11,1.0
34649,-0.2764227642276423,62.0,125,-1.0
34657,0.02459016393442623,43.0,124,1.0
34663,-0.78125,13.0,34,-1.0
34758,-0.4117647058823529,15.0,53,-1.0
34772,-0.18382352941176472,29.0,138,-1.0
34775,-0.021739130434782608,12.0,139,-1.0
34795,0.02158273381294964,14.0,141,1.0
34822,-0.25,8.0,22,-1.0
34857,-0.046511627906976744,18.0,88,-1.0
34863,0.7428571428571429,66.0,72,1.0
34879,-0.05,10.0,142,-1.0
34897,0.4074074074074074,15.0,28,1.0
34920,-0.05555555555555555,21.0,74,-1.0
34933,-0.25333333333333335,63.0,152,-1.0
34944,-0.21875,14.0,34,-1.0
34945,-1.6666666666666667,18.0,13,-1.0
34957,-0.08633093525179857,14.0,141,-1.0
34983,-0.06349206349206349,31.0,127,-1.0
34995,-0.4791666666666667,32.0,50,-1.0
35080,-0.10526315789473684,33.0,211,-1.0
35097,0.0,27.0,132,0.0
35142,0.05913978494623656,18.0,188,1.0
35157,0.051094890510948905,19.0,139,1.0
35163,-0.1320754716981132,63.0,55,-1.0
35168,0.15,72.0,142,1.0
35172,-0.10091743119266056,21.0,110,-1.0
35174,-0.04938271604938271,22.0,82,-1.0
35226,-0.028846153846153848,17.0,105,-1.0
35227,0.3,42.0,82,1.0
35282,0.0364963503649635,36.0,138,1.0
35300,-0.12121212121212122,9.0,67,-1.0
35305,0.1935483870967742,24.0,32,1.0
35328,-0.1732283464566929,19.0,129,-1.0
35367,0.02142857142857143,11.0,141,1.0
35389,0.28205128205128205,29.0,158,1.0
35393,0.08333333333333333,11.0,109,1.0
35423,-0.007936507936507936,22.0,127,-1.0
35432,-0.030864197530864196,26.0,164,-1.0
35464,-0.15441176470588236,28.0,138,-1.0
35472,-1.4074074074074074,34.0,29,-1.0
35486,-1.0,41.0,22,-1.0
35515,-0.012195121951219513,23.0,84,-1.0
35527,0.022222222222222223,22.0,136,1.0
35541,-0.10071942446043165,43.0,141,-1.0
35545,0.011627906976744186,28.0,88,1.0
35553,-0.21212121212121213,71.0,67,-1.0
35579,0.004524886877828055,52.0,223,1.0
35592,-0.06578947368421052,21.0,154,-1.0
35622,0.09352517985611511,17.0,141,1.0
35628,0.1171875,31.0,130,1.0
35632,-0.0392156862745098,32.0,103,-1.0
35641,-0.17424242424242425,26.0,134,-1.0
35655,0.2808988764044944,54.0,91,1.0
35677,-0.0975609756097561,11.0,166,-1.0
35692,0.0,16.0,120,0.0
35717,0.125,4.0,10,1.0
35789,-0.023809523809523808,19.0,170,-1.0
35810,0.0,12.0,267,0.0
35835,-0.2,15.0,52,-1.0
35837,-0.25,18.0,33,-1.0
35903,-0.006896551724137931,23.0,147,-1.0
35974,0.1282051282051282,27.0,40,1.0
36039,-0.11428571428571428,25.0,142,-1.0
36058,0.04316546762589928,11.0,140,1.0
36185,0.03225806451612903,16.0,64,1.0
36197,-0.16883116883116883,22.0,78,-1.0
36206,0.11711711711711711,61.0,113,1.0
36224,-1.0,8.0,15,-1.0
36229,-0.10236220472440945,68.0,129,-1.0
36282,-0.05185185185185185,18.0,137,-1.0
36314,-0.16666666666666666,37.0,61,-1.0
36334,-0.05755395683453238,13.0,140,-1.0
36338,0.021897810218978103,22.0,138,1.0
36351,-0.030303030303030304,30.0,133,-1.0
36369,-0.1746031746031746,27.0,64,-1.0
36375,1.275,43.0,42,1.0
36383,0.09090909090909091,26.0,45,1.0
36429,-0.17293233082706766,26.0,134,-1.0
36443,0.06862745098039216,18.0,104,1.0
36467,0.11428571428571428,19.0,141,1.0
36480,-0.1956521739130435,18.0,94,-1.0
36503,0.0,0.0,14,0.0
36510,0.02912621359223301,11.0,104,1.0
36565,-0.22,22.0,52,-1.0
36566,0.18518518518518517,15.0,83,1.0
36567,0.05303030303030303,24.0,134,1.0
36615,-0.19607843137254902,78.0,52,-1.0
36638,-0.08888888888888889,26.0,46,-1.0
36701,0.14035087719298245,36.0,59,1.0
36731,-0.014388489208633094,10.0,141,-1.0
36762,-0.02631578947368421,12.0,116,-1.0
36773,-0.09090909090909091,19.0,123,-1.0
36799,0.29310344827586204,35.0,118,1.0
36806,0.25,10.0,10,1.0
36834,0.08823529411764706,16.0,172,1.0
36861,0.6666666666666666,26.0,25,1.0
36862,0.0,30.0,141,0.0
36873,-0.04285714285714286,12.0,141,-1.0
36894,-0.037037037037037035,13.0,136,-1.0
36899,-0.008,16.0,126,-1.0
36916,-0.07857142857142857,9.0,141,-1.0
36926,-0.12686567164179105,18.0,136,-1.0
36943,0.24528301886792453,23.0,107,1.0
36962,0.3858267716535433,39.0,129,1.0
36969,-0.06481481481481481,30.0,110,-1.0
36980,0.023809523809523808,43.0,212,1.0
36987,0.03731343283582089,26.0,136,1.0
37003,-0.007692307692307693,11.0,131,-1.0
37043,0.02702702702702703,19.0,187,1.0
37054,-0.04285714285714286,11.0,141,-1.0
37058,-0.0958904109589041,32.0,75,-1.0
37082,-0.10714285714285714,18.0,141,-1.0
37108,0.3333333333333333,4.0,22,1.0
37136,0.47058823529411764,13.0,36,1.0
37161,-0.23030303030303031,51.0,167,-1.0
37188,-0.014705882352941176,12.0,138,-1.0
37208,0.13580246913580246,21.0,83,1.0
37252,-0.0364963503649635,21.0,139,-1.0
37274,0.1484375,6.0,130,1.0
37310,0.056,14.0,127,1.0
37311,0.07246376811594203,37.0,140,1.0
37405,0.35537190082644626,51.0,122,1.0
37441,-0.06622516556291391,21.0,153,-1.0
37473,0.04964539007092199,28.0,143,1.0
37485,-0.14492753623188406,16.0,140,-1.0
37502,0.17518248175182483,27.0,139,1.0
37504,0.023809523809523808,41.0,127,1.0
37518,0.023890784982935155,16.0,295,1.0
37584,0.2112676056338028,22.0,144,1.0
37608,0.011627906976744186,12.0,87,1.0
37618,0.5714285714285714,18.0,16,1.0
37660,0.6,2.0,12,1.0
37661,-0.7916666666666666,36.0,26,-1.0
37681,0.0707070707070707,51.0,100,1.0
37688,-0.22972972972972974,24.0,76,-1.0
37699,-0.09352517985611511,13.0,140,-1.0
37700,0.3076923076923077,31.0,66,1.0
37713,-0.051470588235294115,26.0,138,-1.0
37730,-0.05223880597014925,53.0,135,-1.0
37767,-0.0410958904109589,30.0,294,-1.0
37835,-0.047619047619047616,22.0,86,-1.0
37849,0.007874015748031496,8.0,129,1.0
37890,0.5208333333333334,14.0,49,1.0
37931,-0.22340425531914893,27.0,96,-1.0
38073,-0.013986013986013986,11.0,145,-1.0
38101,0.0,19.0,100,0.0
38104,0.09009009009009009,17.0,113,1.0
38105,-0.08287292817679558,12.0,183,-1.0
38157,-1.3333333333333333,22.0,23,-1.0
38171,-0.036231884057971016,21.0,140,-1.0
38212,-0.005154639175257732,14.0,196,-1.0
38234,-0.027777777777777776,13.0,37,-1.0
38275,1.0,12.0,12,1.0
38284,-0.5546875,85.0,130,-1.0
38288,-0.035211267605633804,34.0,143,-1.0
38370,0.044585987261146494,13.0,159,1.0
38379,4.384615384615385,53.0,14,1.0
38390,0.11864406779661017,18.0,61,1.0
38467,0.058823529411764705,22.0,138,1.0
38497,0.037037037037037035,19.0,137,1.0
38528,0.014705882352941176,15.0,138,1.0
38534,0.10619469026548672,26.0,114,1.0
38579,-0.30612244897959184,9.0,51,-1.0
38581,-0.2,40.0,37,-1.0
38610,-0.004347826086956522,21.0,232,-1.0
38627,0.043010752688172046,16.0,95,1.0
38631,-0.07246376811594203,12.0,209,-1.0
38641,0.014388489208633094,22.0,141,1.0
38664,-0.20512820512820512,22.0,41,-1.0
38665,0.13076923076923078,23.0,132,1.0
38682,-0.23255813953488372,22.0,130,-1.0
38695,0.5789473684210527,14.0,40,1.0
38697,0.08759124087591241,56.0,139,1.0
38716,-0.041666666666666664,20.0,25,-1.0
38729,-0.13768115942028986,20.0,140,-1.0
38735,-0.07194244604316546,16.0,140,-1.0
38739,-0.0423728813559322,18.0,119,-1.0
38746,-0.2159090909090909,16.0,90,-1.0
38763,-0.052795031055900624,16.0,324,-1.0
38783,-0.07462686567164178,21.0,136,-1.0
38806,-0.1956521739130435,16.0,140,-1.0
38852,-0.07462686567164178,10.0,135,-1.0
38921,0.009259259259259259,15.0,110,1.0
38963,0.1736111111111111,16.0,146,1.0
38964,-0.09722222222222222,29.0,146,-1.0
38980,0.13513513513513514,22.0,38,1.0
38987,0.07042253521126761,66.0,72,1.0
39005,0.16783216783216784,20.0,145,1.0
39099,-0.09848484848484848,45.0,134,-1.0
39119,-0.06153846153846154,16.0,67,-1.0
39125,-0.07246376811594203,26.0,139,-1.0
39151,0.34065934065934067,31.0,93,1.0
39174,0.3161764705882353,46.0,138,1.0
39201,0.2357142857142857,33.0,142,1.0
39247,0.1015625,32.0,129,1.0
39255,0.8181818181818182,11.0,13,1.0
39261,-0.14583333333333334,14.0,146,-1.0
39274,-0.043478260869565216,76.0,47,-1.0
39330,-0.05263157894736842,19.0,21,-1.0
39348,0.06217616580310881,21.0,195,1.0
39402,0.1206896551724138,22.0,118,1.0
39425,0.034013605442176874,12.0,149,1.0
39441,0.007194244604316547,26.0,140,1.0
39443,0.0,2.0,55,0.0
39456,-0.04477611940298507,26.0,135,-1.0
39458,0.039473684210526314,17.0,77,1.0
39469,0.1702127659574468,31.0,143,1.0
39471,0.18032786885245902,25.0,63,1.0
39541,-0.35294117647058826,38.0,87,-1.0
39551,-0.028985507246376812,24.0,140,-1.0
39558,0.020202020202020204,32.0,101,1.0
39578,0.014492753623188406,47.0,140,1.0
39603,0.24489795918367346,13.0,51,1.0
39626,0.014388489208633094,33.0,140,1.0
39634,0.01904761904761905,24.0,106,1.0
39663,0.02631578947368421,25.0,230,1.0
39667,-1.4444444444444444,10.0,11,-1.0
39684,0.5294117647058824,46.0,36,1.0
39718,-0.0625,26.0,97,-1.0
39738,0.014492753623188406,34.0,70,1.0
39776,0.05325443786982249,41.0,171,1.0
39840,-1.7241379310344827,28.0,31,-1.0
39852,-0.019736842105263157,25.0,154,-1.0
39884,0.03529411764705882,15.0,87,1.0
39895,0.1044776119402985,29.0,135,1.0
39920,-0.32116788321167883,54.0,139,-1.0
39922,-0.03503184713375796,11.0,316,-1.0
39926,-0.0763888888888889,16.0,145,-1.0
40041,-0.0898876404494382,14.0,180,-1.0
40047,-0.27472527472527475,25.0,93,-1.0
40067,-0.006289308176100629,20.0,161,-1.0
40098,0.02586206896551724,15.0,118,1.0
40133,-0.17142857142857143,7.0,142,-1.0
40146,-0.09523809523809523,26.0,65,-1.0
40149,-0.01937984496124031,19.0,260,-1.0
40169,0.10256410256410256,16.0,41,1.0
40228,-0.13043478260869565,10.0,25,-1.0
40235,-0.12142857142857143,29.0,141,-1.0
40246,0.007194244604316547,26.0,140,1.0
40253,-0.06569343065693431,16.0,138,-1.0
40299,0.2413793103448276,25.0,89,1.0
40338,0.21052631578947367,17.0,39,1.0
40375,0.1523809523809524,46.0,106,1.0
40390,0.12048192771084337,46.0,85,1.0
40398,-0.006006006006006006,10.0,334,-1.0
40405,0.5,41.0,16,1.0
40425,-0.09375,16.0,98,-1.0
40433,-1.0,54.0,16,-1.0
40489,0.09821428571428571,83.0,114,1.0
40513,0.0,22.0,110,0.0
40555,-0.3237410071942446,23.0,141,-1.0
40566,-0.23943661971830985,33.0,72,-1.0
40572,0.016129032258064516,13.0,64,1.0
40576,-2.2,17.0,12,-1.0
40581,-0.07971014492753623,20.0,140,-1.0
40594,-0.2711864406779661,21.0,61,-1.0
40608,-0.06748466257668712,19.0,165,-1.0
40631,1.0,33.0,22,1.0
40656,0.057971014492753624,16.0,71,1.0
40695,0.022388059701492536,28.0,135,1.0
40741,0.25,13.0,13,1.0
40751,-0.15942028985507245,18.0,71,-1.0
40786,0.010638297872340425,5.0,284,1.0
40790,-0.2222222222222222,13.0,46,-1.0
40836,-0.027586206896551724,34.0,147,-1.0
40840,0.007633587786259542,13.0,263,1.0
40842,0.015625,23.0,130,1.0
40843,-0.125,22.0,98,-1.0
40860,0.16058394160583941,33.0,139,1.0
40870,-0.015706806282722512,14.0,193,-1.0
40877,-0.1111111111111111,25.0,56,-1.0
40899,-0.0297029702970297,6.0,103,-1.0
40933,0.047619047619047616,24.0,127,1.0
40973,0.2692307692307692,25.0,132,1.0
40994,-0.03355704697986577,12.0,151,-1.0
41039,0.07801418439716312,40.0,143,1.0
41043,0.022388059701492536,42.0,136,1.0
41066,0.22727272727272727,12.0,46,1.0
41079,0.08823529411764706,27.0,138,1.0
41098,0.033942558746736295,43.0,385,1.0
41101,0.0,25.0,40,0.0
41119,-0.07246376811594203,20.0,140,-1.0
41128,0.2,22.0,57,1.0
41146,-0.022222222222222223,50.0,92,-1.0
41153,-0.02,38.0,102,-1.0
41158,0.05161290322580645,22.0,157,1.0
41229,0.5294117647058824,17.0,18,1.0
41235,-0.4117647058823529,13.0,36,-1.0
41278,-0.05172413793103448,13.0,118,-1.0
41281,0.22916666666666666,10.0,50,1.0
41288,-1.125,9.0,10,-1.0
41302,-0.3157894736842105,9.0,59,-1.0
41316,0.0375,21.0,82,1.0
41360,-0.18181818181818182,26.0,112,-1.0
41363,-1.2857142857142858,8.0,16,-1.0
41426,-0.02727272727272727,19.0,112,-1.0
41433,-0.0873015873015873,21.0,128,-1.0
41477,0.0,19.0,43,0.0
41521,0.25,40.0,46,1.0
41525,-0.014925373134328358,17.0,136,-1.0
41526,0.06666666666666667,23.0,122,1.0
41537,-0.5131578947368421,22.0,78,-1.0
41544,0.11510791366906475,13.0,141,1.0
41558,0.02158273381294964,34.0,141,1.0
41577,0.38392857142857145,40.0,114,1.0
41608,-0.03597122302158273,27.0,141,-1.0
41692,-0.3333333333333333,21.0,80,-1.0
41697,0.057803468208092484,26.0,175,1.0
41728,-0.1349206349206349,28.0,128,-1.0
41744,-0.1095890410958904,9.0,75,-1.0
41755,-0.2391304347826087,8.0,139,-1.0
41784,-4.846153846153846,10.0,15,-1.0
41788,-0.06896551724137931,29.0,59,-1.0
41822,0.050359712230215826,12.0,141,1.0
41834,-0.12834224598930483,17.0,189,-1.0
41939,-1.7272727272727273,0.0,13,-1.0
41961,0.16176470588235295,17.0,138,1.0
41965,0.08759124087591241,43.0,139,1.0
41990,-0.12290502793296089,24.0,181,-1.0
42034,-0.06666666666666667,6.0,46,-1.0
42039,-0.047244094488188976,15.0,128,-1.0
42049,0.10457516339869281,25.0,155,1.0
42078,-0.028368794326241134,14.0,143,-1.0
42131,0.050724637681159424,14.0,140,1.0
42169,-0.1553398058252427,23.0,105,-1.0
42174,0.013157894736842105,47.0,154,1.0
42203,-0.08333333333333333,19.0,86,-1.0
42254,0.7096774193548387,30.0,64,1.0
42304,0.18478260869565216,56.0,94,1.0
42312,0.044585987261146494,59.0,159,1.0
42366,0.14393939393939395,29.0,133,1.0
42386,-0.050359712230215826,17.0,141,-1.0
42388,-0.8461538461538461,2.0,14,-1.0
42403,-0.0748663101604278,17.0,189,-1.0
42413,0.07377049180327869,40.0,124,1.0
42419,0.039473684210526314,24.0,154,1.0
42438,0.5789473684210527,7.0,21,1.0
42450,0.06666666666666667,31.0,136,1.0
42458,-0.14705882352941177,20.0,138,-1.0
42470,0.1111111111111111,29.0,37,1.0
42490,0.2755102040816326,22.0,100,1.0
42501,-0.02027027027027027,12.0,150,-1.0
42515,-0.26356589147286824,30.0,131,-1.0
42531,0.13333333333333333,10.0,31,1.0
42552,-0.2222222222222222,9.0,10,-1.0
42582,-0.2631578947368421,12.0,40,-1.0
42587,-0.2638888888888889,17.0,74,-1.0
42619,0.05223880597014925,34.0,136,1.0
42684,-0.1724137931034483,29.0,147,-1.0
42706,0.04964539007092199,13.0,143,1.0
42720,0.1258741258741259,21.0,145,1.0
42727,0.0,46.0,125,0.0
42759,-0.6792452830188679,27.0,55,-1.0
42808,0.013157894736842105,12.0,78,1.0
42820,0.04929577464788732,21.0,144,1.0
42831,0.0872093023255814,10.0,174,1.0
42918,-0.10638297872340426,24.0,143,-1.0
42922,0.008064516129032258,15.0,126,1.0
42951,-0.125,23.0,66,-1.0
42964,-1.6111111111111112,47.0,38,-1.0
42992,0.037037037037037035,30.0,137,1.0
43031,-0.4074074074074074,25.0,29,-1.0
43071,0.05555555555555555,15.0,110,1.0
43086,0.19230769230769232,10.0,27,1.0
43117,0.03260869565217391,53.0,94,1.0
43132,0.027777777777777776,36.0,38,1.0
43153,0.036231884057971016,46.0,139,1.0
43164,-0.4142857142857143,92.0,72,-1.0
43183,0.2727272727272727,95.0,112,1.0
43196,-0.05555555555555555,20.0,128,-1.0
43232,4.0,77.0,15,1.0
43235,0.40186915887850466,27.0,109,1.0
43246,-0.1366906474820144,23.0,141,-1.0
43315,0.06756756756756757,12.0,150,1.0
43317,-0.35714285714285715,8.0,30,-1.0
43384,-0.13432835820895522,25.0,136,-1.0
43422,0.015503875968992248,14.0,131,1.0
43432,0.05263157894736842,18.0,116,1.0
43438,-0.14788732394366197,26.0,144,-1.0
43444,-0.031914893617021274,11.0,96,-1.0
43470,-0.11538461538461539,19.0,132,-1.0
43493,-0.14,7.0,102,-1.0
43499,-0.16666666666666666,55.0,146,-1.0
43516,-0.14285714285714285,20.0,37,-1.0
43519,0.017857142857142856,18.0,114,1.0
43589,0.3333333333333333,19.0,23,1.0
43629,0.23043478260869565,23.0,232,1.0
43638,0.032679738562091505,11.0,155,1.0
43644,0.17142857142857143,8.0,37,1.0
43651,0.0,14.0,106,0.0
43656,-0.06944444444444445,22.0,146,-1.0
43666,-0.07194244604316546,14.0,141,-1.0
43688,0.19230769230769232,27.0,28,1.0
43721,-0.01020408163265306,16.0,100,-1.0
43754,-1.1538461538461537,57.0,93,-1.0
43760,-0.19285714285714287,24.0,142,-1.0
43762,-0.36363636363636365,12.0,13,-1.0
43769,0.0,34.0,49,0.0
43777,0.28205128205128205,51.0,80,1.0
43798,0.028985507246376812,19.0,139,1.0
43815,0.9193548387096774,57.0,64,1.0
43830,-0.125,13.0,50,-1.0
43831,-0.06,13.0,52,-1.0
43843,-0.045317220543806644,16.0,333,-1.0
43889,-0.2079207920792079,19.0,204,-1.0
43894,-0.6881720430107527,42.0,95,-1.0
43912,-0.10869565217391304,18.0,140,-1.0
43917,0.04065040650406504,15.0,125,1.0
43921,0.5454545454545454,18.0,13,1.0
43928,-0.024793388429752067,23.0,365,-1.0
43937,-0.10714285714285714,7.0,58,-1.0
43950,0.0,53.0,126,0.0
43958,0.1590909090909091,18.0,46,1.0
43968,-0.47474747474747475,16.0,101,-1.0
43970,0.16551724137931034,53.0,147,1.0
43974,-0.004830917874396135,13.0,209,-1.0
44021,-0.08053691275167785,36.0,151,-1.0
44032,0.08333333333333333,9.0,14,1.0
44046,-0.22950819672131148,42.0,185,-1.0
44090,0.19230769230769232,10.0,27,1.0
44095,-0.1,26.0,142,-1.0
44105,-0.21428571428571427,21.0,15,-1.0
44159,-0.19424460431654678,9.0,141,-1.0
44212,-0.48148148148148145,18.0,56,-1.0
44228,-0.01818181818181818,17.0,112,-1.0
44232,0.1366906474820144,20.0,141,1.0
44289,-0.30434782608695654,36.0,48,-1.0
44299,0.014388489208633094,10.0,140,1.0
44304,0.07142857142857142,33.0,170,1.0
44330,-0.2601626016260163,17.0,125,-1.0
44335,-0.08849557522123894,32.0,115,-1.0
44345,-0.06451612903225806,5.0,33,-1.0
44389,-0.4024390243902439,46.0,84,-1.0
44399,0.013986013986013986,17.0,145,1.0
44429,0.018867924528301886,8.0,267,1.0
44430,0.032,17.0,126,1.0
44436,-0.11678832116788321,15.0,139,-1.0
44476,0.06666666666666667,13.0,137,1.0
44503,2.7142857142857144,42.0,16,1.0
44531,0.12021857923497267,40.0,185,1.0
44532,0.37583892617449666,49.0,151,1.0
44539,-0.02127659574468085,16.0,143,-1.0
44554,-0.07194244604316546,26.0,140,-1.0
44579,0.050724637681159424,33.0,140,1.0
44589,0.0625,48.0,66,1.0
44591,0.04477611940298507,15.0,135,1.0
44615,-0.09929078014184398,21.0,143,-1.0
44678,-0.08,11.0,126,-1.0
44710,1.3076923076923077,13.0,14,1.0
44715,1.0,25.0,25,1.0
44725,0.8709677419354839,56.0,95,1.0
44751,-0.008064516129032258,17.0,126,-1.0
44767,-0.296,57.0,127,-1.0
44801,-0.014084507042253521,13.0,144,-1.0
44877,-0.3488372093023256,28.0,88,-1.0
44890,-0.014814814814814815,12.0,137,-1.0
44894,0.07051282051282051,16.0,158,1.0
44914,0.17391304347826086,21.0,48,1.0
44932,-0.5,23.0,22,-1.0
44989,0.017482517482517484,25.0,288,1.0
44990,-0.05,27.0,102,-1.0
45011,0.012195121951219513,34.0,166,1.0
45036,-1.0,36.0,20,-1.0
45041,-0.04,9.0,152,-1.0
45057,0.2,10.0,17,1.0
45077,0.029239766081871343,21.0,173,1.0
45154,0.058333333333333334,32.0,122,1.0
45159,0.11278195488721804,25.0,134,1.0
45172,0.018518518518518517,24.0,110,1.0
45229,0.06504065040650407,13.0,125,1.0
45230,0.05442176870748299,27.0,149,1.0
45237,-0.40384615384615385,44.0,106,-1.0
45249,-0.06569343065693431,31.0,139,-1.0
45359,0.07526881720430108,17.0,188,1.0
45361,-0.0330188679245283,22.0,426,-1.0
45377,0.014705882352941176,16.0,137,1.0
45410,-0.016,35.0,127,-1.0
45414,0.04854368932038835,17.0,104,1.0
45425,-0.03608247422680412,10.0,196,-1.0
45432,0.01990049751243781,30.0,203,1.0
45457,-0.30357142857142855,27.0,114,-1.0
45466,-0.04129793510324484,13.0,341,-1.0
45507,0.0,44.0,108,0.0
45520,0.015503875968992248,17.0,131,1.0
45550,0.08888888888888889,14.0,137,1.0
45552,0.15789473684210525,24.0,116,1.0
45601,0.20689655172413793,24.0,89,1.0
45602,0.5769230769230769,62.0,80,1.0
45643,-0.08287292817679558,17.0,183,-1.0
45669,0.0380952380952381,25.0,107,1.0
45695,-0.09375,12.0,34,-1.0
45721,0.23636363636363636,15.0,57,1.0
45725,0.019736842105263157,17.0,154,1.0
45729,0.4098360655737705,50.0,124,1.0
45748,0.0391566265060241,42.0,334,1.0
45795,0.061946902654867256,43.0,114,1.0
45797,0.05555555555555555,30.0,128,1.0
45802,-0.08917197452229299,15.0,159,-1.0
45864,-0.14285714285714285,28.0,107,-1.0
45897,0.018691588785046728,8.0,109,1.0
45940,-0.3597560975609756,26.0,166,-1.0
45986,-0.05517241379310345,25.0,147,-1.0
45990,0.06666666666666667,25.0,32,1.0
45992,0.3709677419354839,36.0,64,1.0
46000,0.5075757575757576,56.0,134,1.0
46007,0.08888888888888889,14.0,137,1.0
46040,-0.5555555555555556,18.0,20,-1.0
46044,0.07936507936507936,47.0,128,1.0
46063,-0.06338028169014084,22.0,144,-1.0
46068,0.016304347826086956,14.0,186,1.0
46083,-0.13846153846153847,20.0,132,-1.0
46108,0.1484375,18.0,130,1.0
46128,-0.12931034482758622,26.0,118,-1.0
46140,-0.096,17.0,126,-1.0
46142,0.08035714285714286,29.0,114,1.0
46179,-0.09375,20.0,66,-1.0
46200,-0.08974358974358974,13.0,236,-1.0
46215,-0.12962962962962962,17.0,110,-1.0
46223,0.625,39.0,18,1.0
46303,0.06329113924050633,40.0,81,1.0
46317,0.4262295081967213,46.0,62,1.0
46336,-0.03676470588235294,8.0,138,-1.0
46345,-0.112,18.0,126,-1.0
46358,-0.04807692307692308,28.0,106,-1.0
46368,-1.0,44.0,16,-1.0
46377,-0.1368421052631579,13.0,97,-1.0
46425,-0.4090909090909091,31.0,90,-1.0
46433,0.9487179487179487,28.0,41,1.0
46450,-0.0425531914893617,12.0,96,-1.0
46453,-0.1440677966101695,12.0,120,-1.0
46494,-0.05102040816326531,21.0,100,-1.0
46549,-0.14516129032258066,37.0,64,-1.0
46564,-0.047619047619047616,10.0,107,-1.0
46575,-0.23741007194244604,19.0,141,-1.0
46595,-0.20535714285714285,39.0,114,-1.0
46631,0.0718954248366013,22.0,155,1.0
46721,-0.025423728813559324,12.0,120,-1.0
46724,-0.10273972602739725,26.0,148,-1.0
46806,1.125,6.0,10,1.0
46838,0.13793103448275862,13.0,176,1.0
46862,0.1511627906976744,31.0,88,1.0
46864,0.061946902654867256,18.0,115,1.0
46907,-0.0611353711790393,11.0,231,-1.0
46968,0.11764705882352941,11.0,70,1.0
47029,-0.07894736842105263,7.0,40,-1.0
47068,0.07692307692307693,31.0,184,1.0
47120,0.011235955056179775,23.0,91,1.0
47147,-0.9090909090909091,7.0,13,-1.0
47165,0.25,47.0,70,1.0
47200,-0.21052631578947367,10.0,39,-1.0
47219,0.1569767441860465,57.0,174,1.0
47232,0.06666666666666667,20.0,62,1.0
47234,0.11940298507462686,52.0,136,1.0
47244,0.05185185185185185,12.0,136,1.0
47254,0.0,57.0,34,0.0
47264,0.020942408376963352,20.0,193,1.0
47266,-0.18354430379746836,31.0,160,-1.0
47267,-0.6388888888888888,11.0,38,-1.0
47282,-0.12408759124087591,22.0,139,-1.0
47305,0.04,11.0,27,1.0
47317,0.007246376811594203,22.0,140,1.0
47325,-0.8928571428571429,26.0,58,-1.0
47330,-0.1619718309859155,15.0,144,-1.0
47350,0.014814814814814815,18.0,137,1.0
47373,-0.3867924528301887,22.0,108,-1.0
47382,-0.12142857142857143,24.0,142,-1.0
47409,0.06451612903225806,50.0,157,1.0
47412,-0.040983606557377046,9.0,124,-1.0
47433,-0.03333333333333333,15.0,122,-1.0
47449,0.11764705882352941,17.0,138,1.0
47451,-0.18685121107266436,15.0,291,-1.0
47469,0.0,22.0,141,0.0
47474,0.13580246913580246,24.0,83,1.0
47486,-0.10909090909090909,8.0,57,-1.0
47511,0.26666666666666666,11.0,17,1.0
47537,-0.34782608695652173,37.0,163,-1.0
47560,-0.04285714285714286,18.0,142,-1.0
47563,-0.05844155844155844,10.0,156,-1.0
47574,0.08490566037735849,19.0,108,1.0
47588,-0.2,46.0,41,-1.0
47623,0.11926605504587157,28.0,111,1.0
47629,-0.06382978723404255,30.0,143,-1.0
47633,-0.07758620689655173,28.0,118,-1.0
47645,0.05228758169934641,36.0,155,1.0
47670,0.6597938144329897,53.0,99,1.0
47737,-0.05970149253731343,52.0,203,-1.0
47745,1.3055555555555556,30.0,38,1.0
47763,-0.014705882352941176,13.0,138,-1.0
47809,-0.10236220472440945,26.0,129,-1.0
47893,0.34615384615384615,20.0,27,1.0
47929,-0.015267175572519083,70.0,133,-1.0
47939,0.03676470588235294,12.0,137,1.0
47944,-0.373134328358209,21.0,69,-1.0
47964,-0.08333333333333333,7.0,50,-1.0
47994,0.5,25.0,14,1.0
48000,-0.022988505747126436,10.0,89,-1.0
48003,0.32142857142857145,9.0,30,1.0
48014,-0.1282051282051282,9.0,41,-1.0
48018,0.12,41.0,127,1.0
48023,-0.042735042735042736,22.0,119,-1.0
48024,2.3333333333333335,17.0,10,1.0
48045,0.04597701149425287,15.0,88,1.0
48051,0.7407407407407407,20.0,29,1.0
48097,-0.17142857142857143,20.0,142,-1.0
48117,0.7222222222222222,60.0,37,1.0
48122,-2.909090909090909,8.0,13,-1.0
48139,-0.031496062992125984,11.0,129,-1.0
48141,0.5,19.0,34,1.0
48149,0.058333333333333334,15.0,122,1.0
48157,-0.7727272727272727,19.0,24,-1.0
48176,-0.09523809523809523,18.0,149,-1.0
48185,0.9534883720930233,43.0,88,1.0
48194,0.0,17.0,23,0.0
48255,0.03278688524590164,7.0,307,1.0
48281,0.2535211267605634,13.0,73,1.0
48303,0.1724137931034483,11.0,147,1.0
48331,-0.029045643153526972,29.0,243,-1.0
48448,0.30158730158730157,30.0,128,1.0
48509,-0.1111111111111111,14.0,73,-1.0
48526,-0.11504424778761062,39.0,115,-1.0
48529,0.07058823529411765,22.0,87,1.0
48547,-0.2782608695652174,21.0,117,-1.0
48551,-0.1968503937007874,28.0,129,-1.0
48600,0.07042253521126761,16.0,144,1.0
48602,0.016129032258064516,15.0,126,1.0
48645,0.084375,14.0,322,1.0
48651,0.031055900621118012,33.0,163,1.0
48664,0.006493506493506494,18.0,156,1.0
48783,0.3246753246753247,14.0,79,1.0
48788,0.12121212121212122,38.0,35,1.0
48850,0.0,9.0,136,0.0
48893,0.09923664122137404,44.0,133,1.0
48910,-0.1761006289308176,32.0,161,-1.0
48934,-0.12727272727272726,55.0,112,-1.0
48942,0.04597701149425287,36.0,89,1.0
48951,0.4936708860759494,55.0,81,1.0
48966,-0.03305785123966942,11.0,123,-1.0
49072,-0.5714285714285714,17.0,23,-1.0
49082,0.17307692307692307,45.0,106,1.0
49115,-0.0625,6.0,130,-1.0
49117,-0.18253968253968253,22.0,128,-1.0
49123,0.06818181818181818,12.0,46,1.0
49160,0.136,24.0,127,1.0
49208,-0.008333333333333333,14.0,122,-1.0
49229,0.008,13.0,127,1.0
49233,-0.036585365853658534,24.0,84,-1.0
49270,0.13043478260869565,40.0,71,1.0
49329,-0.012658227848101266,13.0,160,-1.0
49337,0.08783783783783784,35.0,150,1.0
49383,0.046875,14.0,66,1.0
49387,0.08333333333333333,24.0,97,1.0
49402,0.26666666666666666,15.0,62,1.0
49417,-3.5555555555555554,17.0,11,-1.0
49425,0.05511811023622047,24.0,129,1.0
49499,-0.07142857142857142,15.0,72,-1.0
49500,-0.17355371900826447,28.0,123,-1.0
49503,-0.04,7.0,77,-1.0
49515,0.27906976744186046,27.0,131,1.0
49525,0.036585365853658534,19.0,84,1.0
49549,-0.42857142857142855,19.0,72,-1.0
49599,-0.5454545454545454,4.0,13,-1.0
49657,0.20833333333333334,28.0,122,1.0
49714,-0.01904761904761905,36.0,107,-1.0
49724,-0.13157894736842105,14.0,78,-1.0
49726,0.0546875,5.0,130,1.0
49743,-0.05426356589147287,31.0,131,-1.0
49818,0.011764705882352941,30.0,172,1.0
49849,-0.16304347826086957,14.0,94,-1.0
49860,-0.11016949152542373,19.0,120,-1.0
49874,0.25396825396825395,28.0,128,1.0
49890,0.09090909090909091,23.0,90,1.0
49896,0.04950495049504951,18.0,103,1.0
49909,-0.058823529411764705,21.0,138,-1.0
49943,-0.056179775280898875,24.0,91,-1.0
49954,-0.088,18.0,127,-1.0
49988,0.1590909090909091,12.0,46,1.0
49990,0.0,35.0,84,0.0
49999,-0.03723404255319149,13.0,190,-1.0
50019,0.14864864864864866,20.0,75,1.0
50034,0.07142857142857142,8.0,30,1.0
50088,-0.05042016806722689,10.0,121,-1.0
50109,-0.019230769230769232,21.0,158,-1.0
50110,0.18181818181818182,19.0,23,1.0
50118,0.02564102564102564,10.0,119,1.0
50140,-0.12781954887218044,12.0,135,-1.0
50172,-0.3023255813953488,20.0,45,-1.0
50241,-0.2833333333333333,42.0,122,-1.0
50327,-0.20588235294117646,12.0,36,-1.0
50359,0.4857142857142857,79.0,37,1.0
50364,0.024096385542168676,33.0,85,1.0
50421,-0.23529411764705882,44.0,121,-1.0
50447,0.02,11.0,52,1.0
50462,0.06422018348623854,16.0,220,1.0
50484,0.026845637583892617,18.0,151,1.0
50485,0.1038961038961039,25.0,156,1.0
50521,-0.06349206349206349,19.0,65,-1.0
50664,-0.26666666666666666,20.0,62,-1.0
50713,-0.07258064516129033,22.0,126,-1.0
50743,-0.009900990099009901,22.0,103,-1.0
50746,-3.3333333333333335,6.0,11,-1.0
50749,0.039603960396039604,11.0,103,1.0
50761,0.41935483870967744,20.0,33,1.0
50901,0.02608695652173913,21.0,117,1.0
50988,0.2840909090909091,23.0,90,1.0
50991,0.3,9.0,12,1.0
50996,-0.02702702702702703,16.0,39,-1.0
51004,0.08108108108108109,15.0,113,1.0
51005,0.017241379310344827,15.0,118,1.0
51038,-0.3333333333333333,24.0,98,-1.0
51045,-0.08264462809917356,15.0,123,-1.0
51076,-0.02564102564102564,8.0,80,-1.0
51084,-0.047619047619047616,15.0,191,-1.0
51100,-0.13793103448275862,13.0,60,-1.0
51178,0.1,12.0,62,1.0
51181,-0.40625,29.0,66,-1.0
51275,-0.08163265306122448,27.0,51,-1.0
51325,0.03773584905660377,21.0,108,1.0
51345,-0.28,13.0,77,-1.0
51404,-0.8461538461538461,23.0,28,-1.0
51412,-0.14193548387096774,21.0,157,-1.0
51455,0.08235294117647059,20.0,87,1.0
51456,0.0446927374301676,14.0,181,1.0
51475,0.09345794392523364,24.0,109,1.0
51509,-0.0743801652892562,27.0,123,-1.0
51523,-0.13978494623655913,30.0,95,-1.0
51548,-0.34782608695652173,35.0,48,-1.0
51597,-1.6666666666666667,11.0,16,-1.0
51623,0.028037383177570093,34.0,109,1.0
51669,0.5142857142857142,13.0,37,1.0
51687,0.02247191011235955,20.0,91,1.0
51696,0.00390625,34.0,1026,1.0
51734,0.9285714285714286,37.0,44,1.0
51744,-0.09803921568627451,6.0,53,-1.0
51753,-0.34579439252336447,37.0,109,-1.0
51849,-0.060240963855421686,14.0,85,-1.0
51877,-0.046153846153846156,11.0,132,-1.0
51880,0.20833333333333334,13.0,74,1.0
51883,-0.140625,15.0,66,-1.0
51898,-0.08547008547008547,11.0,119,-1.0
51916,-0.011538461538461539,32.0,262,-1.0
51953,-0.21951219512195122,19.0,43,-1.0
51964,0.5,16.0,20,1.0
52062,-0.08045977011494253,27.0,89,-1.0
52063,-0.05555555555555555,23.0,110,-1.0
52090,0.5714285714285714,13.0,65,1.0
52201,0.3389830508474576,24.0,60,1.0
52247,0.1,24.0,22,1.0
52315,-0.9310344827586207,15.0,31,-1.0
52341,-0.08433734939759036,20.0,168,-1.0
52346,3.5,90.0,22,1.0
52401,0.05555555555555555,25.0,110,1.0
52423,0.2,22.0,67,1.0
52445,-0.20454545454545456,17.0,90,-1.0
52482,-0.24675324675324675,21.0,79,-1.0
52503,-0.08602150537634409,17.0,95,-1.0
52583,-0.09375,11.0,34,-1.0
52590,0.4473684210526316,18.0,40,1.0
52629,1.1296296296296295,29.0,56,1.0
52660,1.1020408163265305,25.0,51,1.0
52766,0.12244897959183673,7.0,51,1.0
52831,-0.24,43.0,27,-1.0
52851,0.7058823529411765,9.0,19,1.0
52977,-0.46296296296296297,41.0,56,-1.0
53052,-0.21428571428571427,22.0,72,-1.0
53056,-0.048484848484848485,12.0,167,-1.0
53073,-0.06593406593406594,20.0,93,-1.0
53074,0.5454545454545454,19.0,24,1.0
53089,0.40540540540540543,47.0,76,1.0
53128,0.2247191011235955,14.0,91,1.0
53129,-0.03289473684210526,15.0,153,-1.0
53173,-0.09032258064516129,41.0,157,-1.0
53212,-1.8478260869565217,26.0,47,-1.0
53300,-0.14691943127962084,10.0,213,-1.0
53455,-0.6923076923076923,19.0,15,-1.0
53461,-0.2523364485981308,13.0,109,-1.0
53479,-0.46,14.0,52,-1.0
53481,0.3157894736842105,18.0,21,1.0
53507,0.02,28.0,102,1.0
53525,0.6091954022988506,21.0,89,1.0
53526,-0.03488372093023256,13.0,88,-1.0
53537,0.12962962962962962,12.0,56,1.0
53544,-0.05,32.0,82,-1.0
53550,-0.09580838323353294,15.0,169,-1.0
53571,0.0784313725490196,21.0,104,1.0
53573,-0.01904761904761905,11.0,107,-1.0
53598,0.10588235294117647,32.0,87,1.0
53639,-0.19148936170212766,14.0,143,-1.0
53654,0.0547945205479452,27.0,148,1.0
53696,-0.18518518518518517,15.0,83,-1.0
53715,-0.041044776119402986,12.0,270,-1.0
53727,0.1568627450980392,15.0,104,1.0
53738,-0.27631578947368424,40.0,78,-1.0
53790,0.15168539325842698,35.0,180,1.0
53807,0.021505376344086023,13.0,95,1.0
53826,-0.0546875,16.0,130,-1.0
53848,-0.011363636363636364,10.0,90,-1.0
53857,0.03571428571428571,21.0,114,1.0
53884,-0.08666666666666667,19.0,152,-1.0
53929,0.367816091954023,56.0,89,1.0
53941,-0.13333333333333333,38.0,32,-1.0
53967,-0.06666666666666667,23.0,32,-1.0
54001,0.08029197080291971,20.0,139,1.0
54003,-0.034482758620689655,33.0,118,-1.0
54009,-0.022988505747126436,13.0,89,-1.0
54016,-0.2823529411764706,14.0,87,-1.0
54067,-0.5,21.0,56,-1.0
54095,0.22058823529411764,16.0,70,1.0
54096,-0.02252252252252252,19.0,224,-1.0
54109,-0.029498525073746312,13.0,340,-1.0
54153,-0.011764705882352941,26.0,87,-1.0
54188,-0.043859649122807015,12.0,116,-1.0
54219,-0.15942028985507245,22.0,71,-1.0
54220,0.6538461538461539,13.0,28,1.0
54225,-0.02040816326530612,8.0,149,-1.0
54286,-0.2361111111111111,11.0,74,-1.0
54298,-0.15,11.0,142,-1.0
54303,-0.6296296296296297,9.0,29,-1.0
54311,0.5,39.0,60,1.0
54353,-0.08139534883720931,18.0,88,-1.0
54360,-0.1,35.0,22,-1.0
54363,-0.12745098039215685,13.0,104,-1.0
54384,0.3,41.0,82,1.0
54406,-0.72,7.0,27,-1.0
54410,-0.13636363636363635,25.0,90,-1.0
54420,0.08490566037735849,25.0,108,1.0
54429,0.0967741935483871,33.0,95,1.0
54444,-0.04065040650406504,32.0,125,-1.0
54464,0.24770642201834864,18.0,111,1.0
54492,0.2909090909090909,12.0,57,1.0
54502,-0.047619047619047616,18.0,86,-1.0
54520,0.024096385542168676,23.0,85,1.0
54543,0.2727272727272727,24.0,90,1.0
54580,-0.3194444444444444,23.0,74,-1.0
54594,-0.6538461538461539,50.0,28,-1.0
54599,-0.06097560975609756,23.0,84,-1.0
54606,0.05555555555555555,16.0,92,1.0
54611,0.018433179723502304,14.0,219,1.0
54643,-0.30120481927710846,33.0,85,-1.0
54651,0.4642857142857143,19.0,29,1.0
54670,-0.02586206896551724,7.0,118,-1.0
54688,-0.10483870967741936,39.0,126,-1.0
54701,0.16666666666666666,29.0,80,1.0
54704,0.058823529411764705,11.0,87,1.0
54717,-0.2222222222222222,9.0,92,-1.0
54731,1.4666666666666666,13.0,17,1.0
54760,-0.12790697674418605,21.0,88,-1.0
54769,-0.017341040462427744,15.0,175,-1.0
54799,0.18253968253968253,27.0,128,1.0
54804,-0.1276595744680851,17.0,49,-1.0
54814,0.07317073170731707,25.0,84,1.0
54828,-0.19148936170212766,6.0,49,-1.0
54900,-0.25196850393700787,16.0,129,-1.0
54925,-0.3902439024390244,16.0,43,-1.0
54937,-0.3,19.0,32,-1.0
54953,-0.4897959183673469,51.0,51,-1.0
54969,0.04938271604938271,30.0,83,1.0
54984,-0.1956521739130435,15.0,48,-1.0
55006,-1.6153846153846154,30.0,28,-1.0
55007,-0.23809523809523808,15.0,86,-1.0
55012,-0.10975609756097561,30.0,84,-1.0
55053,-0.060240963855421686,20.0,85,-1.0
55075,-0.02127659574468085,12.0,96,-1.0
55110,0.03636363636363636,15.0,112,1.0
55112,-0.09,7.0,102,-1.0
55153,-0.5714285714285714,23.0,37,-1.0
55176,0.8333333333333334,6.0,14,1.0
55190,-0.07142857142857142,51.0,72,-1.0
55197,-0.0625,7.0,66,-1.0
55219,0.11538461538461539,18.0,80,1.0
55221,-0.28125,7.0,34,-1.0
55224,-0.7368421052631579,35.0,21,-1.0
55228,0.3888888888888889,11.0,20,1.0
55247,-0.16923076923076924,10.0,67,-1.0
55251,-0.3,4.0,12,-1.0
55261,-0.1,10.0,102,-1.0
55269,-0.21176470588235294,23.0,87,-1.0
55311,0.19811320754716982,25.0,108,1.0
55312,0.056818181818181816,10.0,90,1.0
55347,-0.09278350515463918,16.0,99,-1.0
55355,-0.7837837837837838,49.0,39,-1.0
55364,0.055944055944055944,19.0,145,1.0
55382,-0.2857142857142857,15.0,16,-1.0
55387,0.5428571428571428,27.0,37,1.0
55388,-0.12222222222222222,10.0,92,-1.0
55414,-0.023529411764705882,12.0,87,-1.0
55450,0.0,32.0,74,0.0
55463,-0.2898550724637681,48.0,71,-1.0
55464,-0.44,18.0,27,-1.0
55468,-0.043010752688172046,30.0,95,-1.0
55473,0.0,18.0,90,0.0
55487,0.6764705882352942,23.0,36,1.0
55498,-0.03773584905660377,33.0,55,-1.0
55509,0.32142857142857145,28.0,30,1.0
55516,0.8545454545454545,53.0,57,1.0
55535,0.09523809523809523,10.0,23,1.0
55547,0.03125,19.0,34,1.0
55591,0.27586206896551724,15.0,89,1.0
55607,-0.12643678160919541,51.0,89,-1.0
55638,-0.057971014492753624,12.0,71,-1.0
55666,0.30158730158730157,31.0,65,1.0
55669,0.0,6.0,121,0.0
55672,0.10869565217391304,27.0,48,1.0
55685,0.00966183574879227,20.0,416,1.0
55732,-0.0399002493765586,15.0,403,-1.0
55740,0.19047619047619047,21.0,86,1.0
55743,-1.2222222222222223,12.0,20,-1.0
55785,0.05952380952380952,12.0,86,1.0
55791,-0.24,8.0,77,-1.0
55843,0.6197183098591549,43.0,73,1.0
55869,-0.5128205128205128,64.0,41,-1.0
55911,-0.009523809523809525,13.0,107,-1.0
55943,0.3333333333333333,36.0,80,1.0
55945,-0.25,16.0,54,-1.0
55963,0.2727272727272727,16.0,79,1.0
55983,0.04040404040404041,11.0,101,1.0
55987,0.08571428571428572,26.0,142,1.0
55996,0.05309734513274336,14.0,115,1.0
56022,-0.05405405405405406,9.0,39,-1.0
56033,0.1527777777777778,12.0,74,1.0
56098,-0.45614035087719296,23.0,59,-1.0
56100,0.07692307692307693,19.0,67,1.0
56106,-0.0851063829787234,30.0,49,-1.0
56112,-0.25,3.0,38,-1.0
56127,-0.11864406779661017,26.0,61,-1.0
56131,0.043478260869565216,44.0,71,1.0
56144,-0.00202020202020202,7.0,497,-1.0
56165,0.7586206896551724,39.0,31,1.0
56170,-0.11267605633802817,24.0,428,-1.0
56176,-0.02531645569620253,17.0,81,-1.0
56194,-0.25,24.0,22,-1.0
56239,1.25,23.0,30,1.0
56261,0.37333333333333335,69.0,77,1.0
56272,-1.4545454545454546,11.0,24,-1.0
56285,0.08333333333333333,10.0,98,1.0
56333,-0.39568345323741005,23.0,141,-1.0
56342,-0.020618556701030927,9.0,99,-1.0
56372,-0.06756756756756757,8.0,76,-1.0
56408,-0.08333333333333333,7.0,74,-1.0
56426,-0.5833333333333334,22.0,50,-1.0
56433,-0.09166666666666666,17.0,122,-1.0
56441,-0.02197802197802198,19.0,93,-1.0
56452,-0.3111111111111111,21.0,92,-1.0
56453,0.020618556701030927,20.0,99,1.0
56493,-0.04,12.0,77,-1.0
56500,-0.31521739130434784,39.0,94,-1.0
56515,0.05660377358490566,13.0,55,1.0
56532,-0.2676056338028169,27.0,73,-1.0
56534,-0.21333333333333335,12.0,77,-1.0
56554,-0.4857142857142857,15.0,72,-1.0
56558,-0.3617021276595745,25.0,49,-1.0
56561,4.6923076923076925,79.0,14,1.0
56563,-4.066666666666666,18.0,17,-1.0
56565,-0.04504504504504504,10.0,335,-1.0
56593,-0.3050847457627119,30.0,61,-1.0
56595,-0.23728813559322035,14.0,61,-1.0
56606,0.02912621359223301,8.0,105,1.0
56665,0.07936507936507936,9.0,65,1.0
56673,-0.030303030303030304,18.0,68,-1.0
56685,-0.12658227848101267,17.0,81,-1.0
56700,-0.175,5.0,82,-1.0
56723,-0.022727272727272728,20.0,46,-1.0
56726,0.11956521739130435,11.0,94,1.0
56762,0.1485148514851485,11.0,103,1.0
56780,0.10294117647058823,13.0,138,1.0
56783,0.2,15.0,47,1.0
56802,0.041666666666666664,25.0,194,1.0
56815,-0.16071428571428573,19.0,58,-1.0
56823,-0.4358974358974359,17.0,41,-1.0
56837,-0.4,36.0,82,-1.0
56842,0.11666666666666667,19.0,62,1.0
56850,0.10714285714285714,19.0,86,1.0
56852,0.0,12.0,64,0.0
56861,-0.2830188679245283,21.0,55,-1.0
56862,0.10476190476190476,24.0,107,1.0
56863,0.3469387755102041,12.0,51,1.0
56873,-0.2,11.0,57,-1.0
56874,0.22580645161290322,15.0,64,1.0
56899,-0.16326530612244897,8.0,51,-1.0
56926,-0.47368421052631576,7.0,39,-1.0
56942,-0.013513513513513514,59.0,76,-1.0
56994,-0.5135135135135135,33.0,76,-1.0
57017,0.2222222222222222,23.0,74,1.0
57022,0.036036036036036036,17.0,335,1.0
57057,0.275,56.0,42,1.0
57058,-0.03488372093023256,19.0,174,-1.0
57076,0.36666666666666664,15.0,62,1.0
57083,-0.1242603550295858,10.0,171,-1.0
57086,0.3076923076923077,10.0,28,1.0
57111,-0.3333333333333333,45.0,32,-1.0
57113,-0.5573770491803278,48.0,63,-1.0
57123,-0.33962264150943394,9.0,55,-1.0
57127,-0.2,28.0,72,-1.0
57147,-0.04,9.0,52,-1.0
57154,0.1,35.0,82,1.0
57156,-0.018518518518518517,20.0,110,-1.0
57162,0.030303030303030304,13.0,266,1.0
57166,-0.2289156626506024,21.0,85,-1.0
57182,1.0,6.0,12,1.0
57211,0.038834951456310676,22.0,105,1.0
57237,0.3706896551724138,51.0,118,1.0
57239,-0.0234375,23.0,130,-1.0
57246,-0.08,18.0,77,-1.0
57262,0.6,7.0,12,1.0
57279,-0.24096385542168675,15.0,85,-1.0
57291,0.24210526315789474,38.0,97,1.0
57312,-0.1016949152542373,16.0,61,-1.0
57320,0.0,3.0,27,0.0
57332,0.22448979591836735,19.0,51,1.0
57340,-0.16993464052287582,10.0,155,-1.0
57348,0.1414141414141414,83.0,101,1.0
57354,-0.0625,46.0,18,-1.0
57382,0.4,14.0,37,1.0
57387,-0.11428571428571428,13.0,72,-1.0
57399,-0.5625,24.0,17,-1.0
57416,-0.5384615384615384,7.0,15,-1.0
57417,-0.08108108108108109,11.0,76,-1.0
57450,-0.2542372881355932,14.0,61,-1.0
57453,-0.21333333333333335,64.0,77,-1.0
57506,-0.2692307692307692,13.0,80,-1.0
57517,0.1568627450980392,18.0,53,1.0
57531,0.1323529411764706,12.0,70,1.0
57536,-0.22950819672131148,12.0,63,-1.0
57538,0.0234375,16.0,130,1.0
57543,1.75,13.0,10,1.0
57562,1.56,52.0,27,1.0
57573,-0.019417475728155338,17.0,105,-1.0
57575,-0.0053475935828877,15.0,189,-1.0
57584,-0.6666666666666666,11.0,14,-1.0
57613,-0.21818181818181817,26.0,57,-1.0
57618,-0.1016949152542373,11.0,61,-1.0
57627,0.2608695652173913,10.0,48,1.0
57637,0.078125,22.0,66,1.0
57644,0.3409090909090909,24.0,46,1.0
57667,0.02608695652173913,11.0,117,1.0
57682,-0.2807017543859649,15.0,59,-1.0
57718,-0.128,22.0,127,-1.0
57738,-0.13793103448275862,19.0,118,-1.0
57745,0.23529411764705882,64.0,18,1.0
57795,0.1111111111111111,20.0,74,1.0
57820,0.23809523809523808,30.0,107,1.0
57825,-0.4383561643835616,23.0,75,-1.0
57835,0.20869565217391303,45.0,116,1.0
57852,0.13043478260869565,8.0,25,1.0
57866,-0.08771929824561403,36.0,59,-1.0
57868,0.045454545454545456,17.0,90,1.0
57906,0.46153846153846156,37.0,28,1.0
57920,0.0196078431372549,24.0,104,1.0
57930,0.1125,41.0,82,1.0
57931,0.0,19.0,75,0.0
57932,0.9122807017543859,41.0,59,1.0
57945,0.46153846153846156,35.0,53,1.0
57951,-0.171875,14.0,66,-1.0
57979,-0.31746031746031744,9.0,65,-1.0
57994,-0.18333333333333332,62.0,62,-1.0
58008,0.16304347826086957,46.0,94,1.0
58019,-0.02925531914893617,10.0,378,-1.0
58052,-0.09722222222222222,17.0,74,-1.0
58058,0.32608695652173914,28.0,48,1.0
58061,0.175,8.0,42,1.0
58072,-0.03773584905660377,17.0,55,-1.0
58077,5.0476190476190474,52.0,23,1.0
58080,-0.01935483870967742,17.0,157,-1.0
58089,0.0847457627118644,32.0,61,1.0
58090,-0.25925925925925924,8.0,56,-1.0
58113,-0.06422018348623854,6.0,111,-1.0
58115,-0.11971830985915492,13.0,144,-1.0
58149,-0.05084745762711865,27.0,61,-1.0
58166,-0.1625,12.0,82,-1.0
58181,0.07692307692307693,26.0,106,1.0
58193,0.22580645161290322,12.0,33,1.0
58194,-0.18333333333333332,25.0,62,-1.0
58196,-0.2222222222222222,27.0,37,-1.0
58198,-0.21348314606741572,36.0,91,-1.0
58204,-0.42857142857142855,12.0,16,-1.0
58210,0.391304347826087,11.0,71,1.0
58222,-0.13846153846153847,32.0,67,-1.0
58224,-0.21311475409836064,25.0,63,-1.0
58252,0.007211538461538462,19.0,418,1.0
58276,-0.11475409836065574,31.0,63,-1.0
58281,0.022222222222222223,30.0,92,1.0
58317,-0.6515151515151515,35.0,68,-1.0
58319,0.5757575757575758,24.0,35,1.0
58333,-0.05084745762711865,26.0,61,-1.0
58341,-0.014705882352941176,20.0,70,-1.0
58348,0.676923076923077,41.0,67,1.0
58359,0.0,29.0,68,0.0
58415,0.16666666666666666,20.0,38,1.0
58424,0.0,16.0,78,0.0
58465,0.05333333333333334,20.0,77,1.0
58486,-0.017241379310344827,13.0,176,-1.0
58504,-0.29310344827586204,7.0,60,-1.0
58527,-0.5194805194805194,13.0,79,-1.0
58545,-0.25925925925925924,38.0,29,-1.0
58563,-0.3333333333333333,20.0,83,-1.0
58585,-0.4,24.0,92,-1.0
58587,-1.5172413793103448,19.0,31,-1.0
58601,0.028169014084507043,8.0,73,1.0
58624,0.043478260869565216,12.0,24,1.0
58649,-0.24242424242424243,27.0,68,-1.0
58655,0.140625,26.0,66,1.0
58661,-0.5301204819277109,9.0,85,-1.0
58679,-0.6,13.0,32,-1.0
58685,-0.046153846153846156,15.0,67,-1.0
58691,-1.4444444444444444,13.0,20,-1.0
58699,0.013888888888888888,12.0,74,1.0
58706,-0.0440251572327044,14.0,161,-1.0
58718,0.09090909090909091,15.0,45,1.0
58764,0.6,11.0,12,1.0
58773,0.0,18.0,43,0.0
58809,1.3157894736842106,30.0,21,1.0
58826,0.01507537688442211,12.0,201,1.0
58867,-0.1388888888888889,16.0,74,-1.0
58892,0.09230769230769231,18.0,67,1.0
58959,0.047619047619047616,16.0,65,1.0
58988,-1.3636363636363635,11.0,13,-1.0
58991,-0.27419354838709675,26.0,64,-1.0
58996,-0.1858974358974359,47.0,158,-1.0
59001,-0.07462686567164178,22.0,69,-1.0
59015,0.0847457627118644,7.0,61,1.0
59018,-0.018518518518518517,17.0,56,-1.0
59023,0.5121951219512195,16.0,43,1.0
59030,0.4025974025974026,26.0,79,1.0
59035,1.03125,26.0,34,1.0
59046,0.0,10.0,74,0.0
59053,-0.527027027027027,28.0,76,-1.0
59075,0.0,31.0,103,0.0
59078,0.06666666666666667,24.0,32,1.0
59096,-0.24390243902439024,9.0,43,-1.0
59101,0.0,9.0,40,0.0
59103,0.9090909090909091,12.0,13,1.0
59112,0.023255813953488372,12.0,88,1.0
59120,-0.11627906976744186,11.0,88,-1.0
59126,-0.23809523809523808,4.0,23,-1.0
59143,-0.3770491803278688,22.0,63,-1.0
59152,-0.12903225806451613,12.0,33,-1.0
59154,-0.3673469387755102,10.0,100,-1.0
59157,-0.9375,3.0,18,-1.0
59170,1.5384615384615385,21.0,15,1.0
59189,0.8461538461538461,16.0,15,1.0
59200,-0.03636363636363636,15.0,57,-1.0
59203,0.896551724137931,27.0,31,1.0
59207,0.12727272727272726,15.0,57,1.0
59213,0.35294117647058826,27.0,36,1.0
59217,-0.0967741935483871,46.0,64,-1.0
59272,-0.07142857142857142,13.0,128,-1.0
59304,0.0,19.0,58,0.0
59310,0.16666666666666666,13.0,56,1.0
59312,-0.14814814814814814,12.0,56,-1.0
59316,0.010638297872340425,17.0,96,1.0
59320,0.8571428571428571,18.0,44,1.0
59323,-0.5571428571428572,25.0,72,-1.0
59331,-0.02,19.0,52,-1.0
59341,-0.44680851063829785,13.0,49,-1.0
59348,-0.6551724137931034,34.0,31,-1.0
59363,-0.5901639344262295,45.0,63,-1.0
59364,-0.6,24.0,42,-1.0
59366,0.07792207792207792,10.0,79,1.0
59367,-0.8666666666666667,15.0,17,-1.0
59378,-0.009900990099009901,14.0,103,-1.0
59386,-0.045454545454545456,4.0,90,-1.0
59417,-2.5,14.0,16,-1.0
59421,0.0,12.0,60,0.0
59435,-0.15873015873015872,20.0,65,-1.0
59452,-0.1,16.0,62,-1.0
59453,-0.06666666666666667,13.0,46,-1.0
59455,-0.09195402298850575,10.0,176,-1.0
59463,0.05454545454545454,33.0,57,1.0
59478,-0.41304347826086957,8.0,48,-1.0
59488,0.9375,19.0,18,1.0
59494,0.4857142857142857,34.0,37,1.0
59498,0.06896551724137931,25.0,89,1.0
59499,0.07608695652173914,14.0,94,1.0
59516,-0.034482758620689655,23.0,60,-1.0
59522,0.058823529411764705,11.0,121,1.0
59530,0.2753623188405797,35.0,71,1.0
59539,-0.014492753623188406,28.0,71,-1.0
59549,-0.66,26.0,52,-1.0
59558,-0.28,51.0,27,-1.0
59563,0.2222222222222222,22.0,65,1.0
59570,0.0684931506849315,16.0,75,1.0
59571,-0.21428571428571427,17.0,30,-1.0
59574,-2.2941176470588234,15.0,19,-1.0
59576,0.27419354838709675,18.0,64,1.0
59580,-0.05084745762711865,11.0,61,-1.0
59582,0.24615384615384617,21.0,67,1.0
59593,0.03896103896103896,18.0,79,1.0
59601,-0.13253012048192772,38.0,85,-1.0
59606,0.06153846153846154,26.0,132,1.0
59614,0.9361702127659575,91.0,49,1.0
59620,-0.13043478260869565,25.0,71,-1.0
59630,-0.022222222222222223,80.0,47,-1.0
59632,-1.123076923076923,19.0,67,-1.0
59633,-0.3875,12.0,82,-1.0
59637,-0.5,11.0,15,-1.0
59662,0.9166666666666666,14.0,14,1.0
59674,-0.8,5.0,17,-1.0
59679,0.65,42.0,42,1.0
59689,0.08,20.0,77,1.0
59734,-0.07317073170731707,13.0,43,-1.0
59743,0.13559322033898305,19.0,61,1.0
59759,0.22033898305084745,9.0,61,1.0
59773,0.1095890410958904,12.0,75,1.0
59803,0.0,13.0,56,0.0
59833,-0.15789473684210525,36.0,21,-1.0
59848,-0.14772727272727273,16.0,90,-1.0
59857,0.11904761904761904,30.0,43,1.0
59931,-0.2916666666666667,10.0,26,-1.0
59939,0.47058823529411764,8.0,35,1.0
59952,-0.07936507936507936,14.0,65,-1.0
59965,-0.8571428571428571,34.0,23,-1.0
59970,0.0,14.0,39,0.0
59971,-0.13043478260869565,22.0,71,-1.0
59974,0.8,35.0,22,1.0
59995,0.27450980392156865,10.0,53,1.0
60020,-0.1111111111111111,15.0,56,-1.0
60024,-0.04697986577181208,43.0,151,-1.0
60027,0.7380952380952381,27.0,44,1.0
60029,3.1052631578947367,15.0,21,1.0
60032,-0.07142857142857142,20.0,58,-1.0
60049,-0.5,36.0,18,-1.0
60050,0.04819277108433735,7.0,85,1.0
60055,0.475,12.0,42,1.0
60076,0.0,8.0,29,0.0
60079,1.8,15.0,17,1.0
60087,0.4444444444444444,7.0,11,1.0
60105,-0.38461538461538464,49.0,15,-1.0
60107,-0.17333333333333334,13.0,77,-1.0
60116,-0.9354838709677419,12.0,33,-1.0
60121,-0.08333333333333333,7.0,26,-1.0
60132,-0.6,10.0,37,-1.0
60134,0.05154639175257732,18.0,99,1.0
60140,0.1,75.0,42,1.0
60144,0.1,14.0,42,1.0
60149,-0.14814814814814814,13.0,56,-1.0
60152,-0.03571428571428571,8.0,86,-1.0
60163,0.2,18.0,37,1.0
60166,0.05714285714285714,10.0,37,1.0
60181,0.041666666666666664,29.0,50,1.0
60190,-0.14285714285714285,11.0,30,-1.0
60197,0.019801980198019802,9.0,103,1.0
60205,0.029411764705882353,27.0,104,1.0
60207,0.05128205128205128,25.0,80,1.0
60213,-0.04081632653061224,33.0,51,-1.0
60214,0.1566265060240964,12.0,85,1.0
60223,-0.5357142857142857,16.0,30,-1.0
60224,-0.851063829787234,53.0,49,-1.0
60229,-0.28,12.0,52,-1.0
60246,1.2444444444444445,59.0,47,1.0
60248,-0.19672131147540983,17.0,63,-1.0
60250,-0.28846153846153844,15.0,54,-1.0
60251,0.0,29.0,89,0.0
60253,-0.3157894736842105,13.0,59,-1.0
60261,-0.1076923076923077,6.0,67,-1.0
60267,-0.07142857142857142,8.0,44,-1.0
60277,-0.016129032258064516,25.0,64,-1.0
60284,0.05,8.0,22,1.0
60310,-1.28125,18.0,34,-1.0
60330,0.0,7.0,151,0.0
60391,0.04854368932038835,20.0,104,1.0
60395,-1.2608695652173914,22.0,25,-1.0
60409,-0.4117647058823529,10.0,36,-1.0
60418,0.109375,22.0,66,1.0
60431,-0.16923076923076924,13.0,67,-1.0
60445,-0.171875,34.0,66,-1.0
60447,0.13071895424836602,36.0,155,1.0
60488,-0.7017543859649122,24.0,59,-1.0
60508,0.25,18.0,50,1.0
60537,0.3541666666666667,16.0,50,1.0
60554,-0.36363636363636365,10.0,13,-1.0
60556,0.08695652173913043,33.0,71,1.0
60561,-0.45,19.0,22,-1.0
60574,0.30357142857142855,17.0,58,1.0
60604,-0.05,7.0,102,-1.0
60605,-0.5681818181818182,50.0,46,-1.0
60613,-0.3392857142857143,36.0,58,-1.0
60641,0.1388888888888889,13.0,38,1.0
60644,-0.11904761904761904,5.0,44,-1.0
60646,-0.0967741935483871,7.0,64,-1.0
60657,0.13793103448275862,13.0,31,1.0
60671,-0.06666666666666667,12.0,62,-1.0
60683,0.10810810810810811,12.0,76,1.0
60695,0.6818181818181818,23.0,46,1.0
60709,-0.05128205128205128,17.0,80,-1.0
60747,-0.25806451612903225,10.0,64,-1.0
60763,-0.660377358490566,24.0,55,-1.0
60778,-0.23529411764705882,9.0,53,-1.0
60803,-0.6078431372549019,16.0,53,-1.0
60806,-0.2727272727272727,25.0,90,-1.0
60813,0.2553191489361702,14.0,49,1.0
60859,-0.2545454545454545,10.0,57,-1.0
60889,-0.0594059405940594,15.0,103,-1.0
60895,0.21153846153846154,22.0,54,1.0
60897,-0.18461538461538463,6.0,67,-1.0
60924,-0.35294117647058826,12.0,36,-1.0
60955,1.4545454545454546,46.0,35,1.0
60983,0.22413793103448276,20.0,60,1.0
60992,0.03773584905660377,17.0,55,1.0
60998,-0.03225806451612903,17.0,63,-1.0
60999,-0.14634146341463414,15.0,43,-1.0
61006,-0.07142857142857142,21.0,58,-1.0
61009,-1.8333333333333333,27.0,38,-1.0
61018,0.2926829268292683,12.0,43,1.0
61036,-0.28169014084507044,27.0,73,-1.0
61038,0.19230769230769232,16.0,28,1.0
61047,0.03571428571428571,30.0,30,1.0
61053,-0.029411764705882353,20.0,70,-1.0
61072,-0.0547945205479452,9.0,75,-1.0
61088,-0.4625,22.0,82,-1.0
61115,-0.08641975308641975,10.0,83,-1.0
61119,0.40816326530612246,31.0,51,1.0
61148,-0.19801980198019803,14.0,103,-1.0
61160,0.04918032786885246,10.0,63,1.0
61161,-0.10714285714285714,8.0,30,-1.0
61191,-0.2127659574468085,40.0,49,-1.0
61197,-0.2727272727272727,19.0,57,-1.0
61211,0.05,21.0,42,1.0
61226,-0.8108108108108109,9.0,39,-1.0
61230,-0.06060606060606061,24.0,68,-1.0
61256,-0.18518518518518517,9.0,56,-1.0
61261,0.22807017543859648,29.0,59,1.0
61265,-0.3333333333333333,10.0,11,-1.0
61274,0.09090909090909091,9.0,68,1.0
61278,-0.25,17.0,82,-1.0
61283,-0.03333333333333333,12.0,32,-1.0
61319,-0.3150684931506849,35.0,75,-1.0
61325,0.14583333333333334,24.0,50,1.0
61360,-0.6111111111111112,10.0,38,-1.0
61384,-0.21052631578947367,10.0,59,-1.0
61395,4.4,38.0,17,1.0
61399,-0.2,11.0,57,-1.0
61413,0.20512820512820512,9.0,41,1.0
61465,0.0,10.0,60,0.0
61481,-0.46153846153846156,9.0,27,-1.0
61486,-0.15384615384615385,13.0,145,-1.0
61527,-1.3928571428571428,19.0,30,-1.0
61528,-0.11702127659574468,20.0,96,-1.0
61544,0.21212121212121213,9.0,35,1.0
61548,0.14035087719298245,13.0,59,1.0
61549,-0.3023255813953488,32.0,45,-1.0
61551,-0.02,18.0,52,-1.0
61552,0.23529411764705882,16.0,53,1.0
61573,-0.16216216216216217,18.0,39,-1.0
61575,-0.5588235294117647,6.0,36,-1.0
61594,0.03546099290780142,6.0,143,1.0
61601,-0.02631578947368421,12.0,40,-1.0
61625,-0.625,29.0,18,-1.0
61659,-0.5319148936170213,17.0,49,-1.0
61710,0.041666666666666664,24.0,74,1.0
61725,-0.38,20.0,52,-1.0
61733,0.05084745762711865,11.0,61,1.0
61745,0.6,9.0,17,1.0
61755,0.15,15.0,62,1.0
61765,0.13559322033898305,17.0,61,1.0
61777,-0.11538461538461539,13.0,28,-1.0
61797,0.5384615384615384,6.0,14,1.0
61808,-0.14814814814814814,17.0,29,-1.0
61831,0.0,10.0,33,0.0
61844,0.19230769230769232,7.0,28,1.0
61856,0.11428571428571428,22.0,37,1.0
61858,0.48484848484848486,23.0,35,1.0
61861,-0.2564102564102564,18.0,41,-1.0
61864,-0.9230769230769231,14.0,28,-1.0
61867,-0.26666666666666666,31.0,17,-1.0
61883,0.34375,11.0,34,1.0
61893,-0.03225806451612903,8.0,64,-1.0
61903,-0.21333333333333335,23.0,77,-1.0
61929,-0.35714285714285715,20.0,30,-1.0
61932,0.2916666666666667,32.0,50,1.0
61935,0.017543859649122806,11.0,59,1.0
61937,-1.1515151515151516,26.0,35,-1.0
61952,-0.6226415094339622,40.0,55,-1.0
61976,-0.2111111111111111,16.0,92,-1.0
61997,0.05128205128205128,30.0,41,1.0
62010,0.08771929824561403,4.0,59,1.0
62018,-0.9318181818181818,35.0,46,-1.0
62024,-0.14782608695652175,6.0,117,-1.0
62026,-0.13793103448275862,14.0,60,-1.0
62037,-0.2542372881355932,27.0,61,-1.0
62040,1.0,17.0,41,1.0
62052,-0.022222222222222223,11.0,92,-1.0
62062,-0.2777777777777778,19.0,74,-1.0
62065,-0.36065573770491804,30.0,63,-1.0
62084,-0.16666666666666666,10.0,56,-1.0
62092,-0.0625,9.0,81,-1.0
62095,0.6428571428571429,14.0,16,1.0
62116,-0.1,11.0,32,-1.0
62117,0.46511627906976744,14.0,45,1.0
62120,-0.265625,8.0,66,-1.0
62123,-0.5,16.0,66,-1.0
62126,-0.10465116279069768,13.0,88,-1.0
62155,-0.038461538461538464,9.0,54,-1.0
62158,-0.023255813953488372,14.0,45,-1.0
62169,0.40540540540540543,30.0,39,1.0
62188,0.5961538461538461,24.0,54,1.0
62189,0.10810810810810811,17.0,39,1.0
62198,-0.06349206349206349,9.0,65,-1.0
62221,0.2962962962962963,16.0,29,1.0
62227,-0.2,21.0,27,-1.0
62230,-0.06521739130434782,5.0,48,-1.0
62231,-0.875,13.0,26,-1.0
62232,-0.47058823529411764,22.0,36,-1.0
62285,-0.37735849056603776,12.0,55,-1.0
62287,-0.10344827586206896,30.0,31,-1.0
62289,-0.06097560975609756,10.0,84,-1.0
62316,-0.9666666666666667,37.0,32,-1.0
62349,0.9761904761904762,19.0,44,1.0
62367,-0.15217391304347827,5.0,48,-1.0
62382,-2.823529411764706,45.0,19,-1.0
62394,0.18181818181818182,8.0,13,1.0
62399,0.043010752688172046,30.0,95,1.0
62414,-0.8214285714285714,31.0,30,-1.0
62424,-0.37777777777777777,10.0,47,-1.0
62429,0.1702127659574468,15.0,49,1.0
62438,-0.47959183673469385,37.0,100,-1.0
62474,0.07142857142857142,18.0,44,1.0
62489,-0.2391304347826087,21.0,48,-1.0
62494,1.8333333333333333,44.0,26,1.0
62504,0.26666666666666666,12.0,17,1.0
62530,0.0,6.0,20,0.0
62568,-0.6222222222222222,8.0,47,-1.0
62581,-0.47435897435897434,31.0,80,-1.0
62585,-0.3541666666666667,13.0,50,-1.0
62672,1.8181818181818181,15.0,13,1.0
62685,-0.16,9.0,77,-1.0
62733,1.6666666666666667,8.0,17,1.0
62739,0.925,27.0,42,1.0
62758,-0.5454545454545454,30.0,35,-1.0
62783,0.9090909090909091,31.0,46,1.0
62798,0.23404255319148937,16.0,49,1.0
62803,-0.32653061224489793,20.0,51,-1.0
62805,-0.32653061224489793,20.0,51,-1.0
62821,-0.23469387755102042,11.0,100,-1.0
62826,-0.4166666666666667,47.0,38,-1.0
62831,-0.10843373493975904,11.0,85,-1.0
62833,-0.5,51.0,50,-1.0
62840,0.2727272727272727,12.0,24,1.0
62853,-0.9090909090909091,19.0,24,-1.0
62854,-0.1935483870967742,10.0,33,-1.0
62859,-0.09523809523809523,6.0,44,-1.0
62860,0.0,21.0,57,0.0
62871,-0.09375,25.0,34,-1.0
62875,0.034482758620689655,11.0,60,1.0
62886,0.10294117647058823,11.0,70,1.0
62918,-0.17,12.0,102,-1.0
62924,-0.08,9.0,52,-1.0
62930,0.15151515151515152,9.0,35,1.0
62982,-0.043478260869565216,33.0,25,-1.0
62991,0.06451612903225806,23.0,64,1.0
63001,0.18421052631578946,16.0,40,1.0
63012,0.38571428571428573,19.0,72,1.0
63017,-0.19444444444444445,12.0,38,-1.0
63032,-0.22,19.0,52,-1.0
63049,0.45,19.0,42,1.0
63062,-0.34285714285714286,13.0,37,-1.0
63067,0.14285714285714285,13.0,30,1.0
63083,0.05357142857142857,22.0,58,1.0
63124,-0.041666666666666664,32.0,25,-1.0
63127,0.13793103448275862,5.0,31,1.0
63141,-0.3142857142857143,16.0,37,-1.0
63189,0.5555555555555556,32.0,11,1.0
63195,-0.5294117647058824,26.0,36,-1.0
63208,0.0,13.0,32,0.0
63211,-0.058823529411764705,4.0,36,-1.0
63246,-0.3103448275862069,34.0,60,-1.0
63296,-0.011764705882352941,15.0,87,-1.0
63336,-0.1702127659574468,21.0,49,-1.0
63343,0.029411764705882353,8.0,36,1.0
63359,0.0,11.0,37,0.0
63369,-0.4489795918367347,29.0,51,-1.0
63381,0.0967741935483871,5.0,33,1.0
63388,-0.35714285714285715,68.0,58,-1.0
63397,0.11475409836065574,23.0,63,1.0
63402,0.03076923076923077,26.0,67,1.0
63414,-0.5769230769230769,27.0,28,-1.0
63415,1.0714285714285714,16.0,16,1.0
63416,0.35714285714285715,18.0,16,1.0
63438,-0.20689655172413793,9.0,31,-1.0
63441,-0.041666666666666664,8.0,74,-1.0
63450,-0.20930232558139536,8.0,45,-1.0
63457,0.3333333333333333,13.0,20,1.0
63458,-0.17647058823529413,9.0,36,-1.0
63462,-0.0784313725490196,18.0,53,-1.0
63470,-0.2962962962962963,25.0,29,-1.0
63482,-0.53125,82.0,34,-1.0
63510,-0.45161290322580644,13.0,64,-1.0
63511,-0.05970149253731343,11.0,69,-1.0
63516,0.17777777777777778,23.0,47,1.0
63565,-0.2,17.0,52,-1.0
63586,-0.6176470588235294,11.0,36,-1.0
63590,-6.1,6.0,12,-1.0
63594,0.4418604651162791,13.0,45,1.0
63619,-0.24489795918367346,23.0,51,-1.0
63644,-0.0625,26.0,50,-1.0
63678,2.341463414634146,46.0,43,1.0
63681,-0.15151515151515152,13.0,68,-1.0
63693,-0.038461538461538464,8.0,28,-1.0
63696,0.058823529411764705,11.0,36,1.0
63707,-0.896551724137931,23.0,31,-1.0
63713,-0.17647058823529413,11.0,53,-1.0
63722,0.41304347826086957,18.0,48,1.0
63725,0.25,27.0,26,1.0
63731,-0.5370370370370371,14.0,56,-1.0
63733,-0.012987012987012988,14.0,156,-1.0
63746,1.4615384615384615,14.0,15,1.0
63747,0.16071428571428573,18.0,58,1.0
63753,1.6333333333333333,47.0,32,1.0
63791,-0.10526315789473684,4.0,40,-1.0
63798,-0.058823529411764705,16.0,36,-1.0
63803,-0.18181818181818182,10.0,35,-1.0
63804,-0.625,11.0,10,-1.0
63823,-0.16,13.0,27,-1.0
63825,0.0,15.0,39,0.0
63838,0.18518518518518517,8.0,29,1.0
63858,0.2777777777777778,14.0,38,1.0
63874,-0.2222222222222222,21.0,38,-1.0
63877,0.6363636363636364,18.0,35,1.0
63883,0.5428571428571428,33.0,37,1.0
63901,-0.6923076923076923,17.0,41,-1.0
63912,0.3684210526315789,19.0,21,1.0
63927,-0.4666666666666667,18.0,47,-1.0
63928,0.02631578947368421,16.0,40,1.0
63935,1.105263157894737,14.0,21,1.0
63937,-0.2413793103448276,22.0,31,-1.0
63957,-0.18181818181818182,7.0,23,-1.0
63987,0.2222222222222222,10.0,11,1.0
63991,0.07692307692307693,16.0,41,1.0
64006,0.10526315789473684,7.0,40,1.0
64024,1.0,15.0,41,1.0
64029,0.42857142857142855,22.0,30,1.0
64069,0.037037037037037035,15.0,56,1.0
64080,-0.2558139534883721,12.0,45,-1.0
64102,-0.15217391304347827,17.0,48,-1.0
64109,0.52,20.0,27,1.0
64110,0.2727272727272727,6.0,12,1.0
64119,0.25,6.0,22,1.0
64121,-0.34210526315789475,13.0,40,-1.0
64126,-0.075,5.0,42,-1.0
64132,0.07142857142857142,21.0,30,1.0
64140,1.85,29.0,22,1.0
64141,-0.5178571428571429,9.0,58,-1.0
64143,0.21621621621621623,21.0,39,1.0
64150,2.5294117647058822,52.0,19,1.0
64173,2.25,51.0,34,1.0
64174,0.09090909090909091,8.0,57,1.0
64193,-0.2,5.0,27,-1.0
64219,-0.4,19.0,27,-1.0
64241,-0.0379746835443038,11.0,81,-1.0
64272,0.5230769230769231,21.0,67,1.0
64281,0.7727272727272727,30.0,24,1.0
64284,0.0,10.0,45,0.0
64285,-0.1085972850678733,11.0,223,-1.0
64291,0.058823529411764705,10.0,36,1.0
64315,-0.2777777777777778,23.0,20,-1.0
64340,0.46153846153846156,33.0,41,1.0
64349,-0.8088235294117647,51.0,70,-1.0
64428,0.15789473684210525,19.0,40,1.0
64430,0.07407407407407407,9.0,29,1.0
64469,0.7407407407407407,79.0,55,1.0
64491,0.18604651162790697,15.0,45,1.0
64528,-0.7586206896551724,7.0,31,-1.0
64602,1.6428571428571428,29.0,16,1.0
64621,-0.23809523809523808,9.0,23,-1.0
64626,-1.1,12.0,12,-1.0
64627,-0.8695652173913043,27.0,24,-1.0
64644,-0.4,9.0,17,-1.0
64651,2.5555555555555554,20.0,10,1.0
64654,-0.20512820512820512,14.0,41,-1.0
64723,-0.13513513513513514,18.0,39,-1.0
64734,-0.14516129032258066,27.0,64,-1.0
64738,-0.08695652173913043,6.0,48,-1.0
64756,0.14814814814814814,14.0,29,1.0
64770,2.4444444444444446,14.0,11,1.0
64787,-1.5454545454545454,9.0,13,-1.0
64793,-0.42857142857142855,16.0,16,-1.0
64795,-0.18421052631578946,12.0,40,-1.0
64799,-0.045454545454545456,21.0,68,-1.0
64867,0.03225806451612903,9.0,33,1.0
64875,-0.2857142857142857,13.0,65,-1.0
64968,-0.13333333333333333,6.0,17,-1.0
64991,-1.7272727272727273,14.0,24,-1.0
65064,-0.5833333333333334,10.0,14,-1.0
65071,0.0196078431372549,25.0,104,1.0
65088,0.14285714285714285,11.0,23,1.0
65092,-0.2727272727272727,6.0,13,-1.0
65114,-0.34782608695652173,17.0,71,-1.0
65166,-0.015151515151515152,6.0,68,-1.0
65172,0.5333333333333333,7.0,17,1.0
65173,-0.8888888888888888,16.0,10,-1.0
65187,0.0,4.0,27,0.0
65315,1.4666666666666666,34.0,32,1.0
65330,-2.4,15.0,12,-1.0
65362,-0.9285714285714286,23.0,16,-1.0
65367,0.06060606060606061,10.0,35,1.0
65369,0.125,60.0,26,1.0
65376,-0.3508771929824561,29.0,59,-1.0
65431,-3.1,20.0,12,-1.0
65432,-0.8333333333333334,16.0,26,-1.0
65450,0.20833333333333334,8.0,50,1.0
65482,-0.11290322580645161,8.0,64,-1.0
65487,-0.27586206896551724,12.0,31,-1.0
65517,-1.3461538461538463,10.0,28,-1.0
65520,-0.36363636363636365,12.0,46,-1.0
65523,-0.8260869565217391,5.0,25,-1.0
65559,-0.08333333333333333,13.0,14,-1.0
65613,-0.3448275862068966,11.0,31,-1.0
65638,0.045454545454545456,23.0,68,1.0
65683,-0.5531914893617021,10.0,49,-1.0
65688,0.022727272727272728,26.0,90,1.0
65703,-0.22448979591836735,20.0,51,-1.0
65710,-0.0136986301369863,9.0,75,-1.0
65758,-0.037037037037037035,4.0,29,-1.0
65899,1.4193548387096775,56.0,33,1.0
65947,-0.015384615384615385,14.0,67,-1.0
66096,-0.04081632653061224,8.0,100,-1.0
66130,-0.10344827586206896,17.0,60,-1.0
66139,-0.16666666666666666,44.0,116,-1.0
66175,0.509090909090909,24.0,57,1.0
66185,-0.6530612244897959,16.0,51,-1.0
66243,0.5294117647058824,14.0,19,1.0
66273,-0.22727272727272727,5.0,24,-1.0
66276,-0.3090909090909091,13.0,57,-1.0
66318,-0.4722222222222222,9.0,38,-1.0
66356,-0.4745762711864407,17.0,61,-1.0
66361,1.2222222222222223,20.0,20,1.0
66375,0.0,30.0,50,0.0
66450,-0.1724137931034483,9.0,31,-1.0
66464,-0.1875,24.0,98,-1.0
66471,-0.22727272727272727,21.0,90,-1.0
66517,-0.03571428571428571,13.0,58,-1.0
66545,-0.28888888888888886,18.0,47,-1.0
66575,0.5151515151515151,13.0,35,1.0
66671,0.7857142857142857,6.0,16,1.0
66689,-0.5454545454545454,15.0,24,-1.0
66715,0.875,21.0,18,1.0
66746,0.1206896551724138,28.0,118,1.0
66750,-0.4,24.0,52,-1.0
66776,-0.06756756756756757,31.0,76,-1.0
66810,0.5454545454545454,45.0,23,1.0
66876,-0.42105263157894735,23.0,59,-1.0
66896,-0.07194244604316546,19.0,141,-1.0
66898,-0.3333333333333333,9.0,38,-1.0
67062,0.031746031746031744,11.0,64,1.0
67139,-0.6333333333333333,5.0,32,-1.0
67207,0.18181818181818182,3.0,13,1.0
67288,-0.5,9.0,43,-1.0
67443,-0.25301204819277107,22.0,85,-1.0
67477,-0.06741573033707865,15.0,91,-1.0
67504,-0.10714285714285714,10.0,30,-1.0
67581,-0.35714285714285715,9.0,30,-1.0
67660,-0.21568627450980393,6.0,53,-1.0
67663,-0.09090909090909091,17.0,24,-1.0
67675,0.6666666666666666,20.0,14,1.0
67756,-0.6538461538461539,21.0,28,-1.0
67830,-0.0392156862745098,13.0,52,-1.0
67858,0.0,8.0,23,0.0
67909,-0.35,10.0,22,-1.0
67990,-0.08695652173913043,18.0,71,-1.0
68080,-0.07017543859649122,11.0,116,-1.0
68084,-0.3888888888888889,15.0,37,-1.0
68172,-0.22077922077922077,12.0,79,-1.0
68187,-0.5172413793103449,8.0,31,-1.0
68258,-0.5454545454545454,8.0,35,-1.0
68275,-0.3076923076923077,8.0,28,-1.0
68337,0.3548387096774194,32.0,33,1.0
68643,-1.0,9.0,26,-1.0
68671,-0.05714285714285714,8.0,37,-1.0
68704,-0.3225806451612903,11.0,33,-1.0
68811,-0.7,25.0,21,-1.0
68836,2.2666666666666666,39.0,17,1.0
68862,-0.5,17.0,72,-1.0
68869,0.2222222222222222,14.0,20,1.0
68878,1.1333333333333333,44.0,17,1.0
68895,-0.16071428571428573,12.0,58,-1.0
68946,-0.3333333333333333,10.0,28,-1.0
68985,0.041666666666666664,15.0,122,1.0
68997,1.6590909090909092,50.0,46,1.0
69014,-0.30158730158730157,15.0,65,-1.0
69028,-0.8461538461538461,24.0,28,-1.0
69037,-0.08823529411764706,7.0,36,-1.0
69072,-0.18181818181818182,8.0,46,-1.0
69099,-0.30357142857142855,11.0,58,-1.0
69184,-2.772727272727273,57.0,24,-1.0
69202,0.4090909090909091,11.0,24,1.0
69331,-0.47058823529411764,5.0,19,-1.0
69420,0.5,74.0,28,1.0
69456,-0.5,7.0,20,-1.0
69493,-0.02702702702702703,14.0,39,-1.0
69539,0.3684210526315789,14.0,21,1.0
69548,0.17647058823529413,13.0,35,1.0
69575,-0.08163265306122448,10.0,51,-1.0
69653,-0.5151515151515151,13.0,35,-1.0
69701,-0.28888888888888886,17.0,47,-1.0
69760,-0.42105263157894735,4.0,21,-1.0
69774,0.5238095238095238,20.0,23,1.0
69793,-0.075,16.0,42,-1.0
69854,-0.375,10.0,33,-1.0
69868,-2.625,0.0,10,-1.0
69925,-2.25,6.0,10,-1.0
69955,-0.41935483870967744,8.0,33,-1.0
69963,-0.17857142857142858,13.0,30,-1.0
70025,-0.7878787878787878,7.0,35,-1.0
70063,-0.2,9.0,12,-1.0
70069,-0.07894736842105263,12.0,78,-1.0
70114,-1.0952380952380953,3.0,23,-1.0
70144,-0.56,13.0,27,-1.0
70146,-0.09090909090909091,13.0,24,-1.0
70190,0.0967741935483871,20.0,33,1.0
70350,-0.03333333333333333,15.0,32,-1.0
70398,-0.15789473684210525,8.0,21,-1.0
70486,-0.09375,11.0,66,-1.0
70634,0.045454545454545456,5.0,24,1.0
70828,-0.5517241379310345,13.0,31,-1.0
70850,-0.8125,10.0,18,-1.0
71032,-0.07575757575757576,4.0,134,-1.0
71042,0.21428571428571427,18.0,44,1.0
71058,-0.35714285714285715,18.0,15,-1.0
71063,-0.18518518518518517,24.0,29,-1.0
71070,-0.4666666666666667,10.0,32,-1.0
71147,-0.4,31.0,17,-1.0
71239,-1.8,11.0,12,-1.0
71313,-0.6521739130434783,9.0,25,-1.0
71365,-0.7857142857142857,15.0,16,-1.0
71371,0.0,11.0,14,0.0
71449,0.37037037037037035,14.0,29,1.0
71495,0.1111111111111111,6.0,20,1.0
71504,0.07692307692307693,12.0,54,1.0
71507,-0.6521739130434783,18.0,25,-1.0
71508,0.8571428571428571,26.0,30,1.0
71541,-4.6923076923076925,14.0,15,-1.0
71570,-1.2941176470588236,16.0,19,-1.0
71574,-1.1764705882352942,6.0,19,-1.0
71585,0.30303030303030304,16.0,35,1.0
71605,-0.2903225806451613,16.0,33,-1.0
71667,0.09090909090909091,23.0,24,1.0
71674,0.03225806451612903,9.0,33,1.0
71702,-0.8235294117647058,8.0,19,-1.0
71932,-0.05263157894736842,19.0,21,-1.0
71980,-0.32,6.0,27,-1.0
71981,2.4444444444444446,18.0,11,1.0
72008,-0.3157894736842105,5.0,21,-1.0
72027,0.5263157894736842,7.0,21,1.0
72045,-0.35,8.0,22,-1.0
72143,0.1836734693877551,11.0,51,1.0
72148,0.44,16.0,27,1.0
72156,0.07142857142857142,24.0,30,1.0
72216,0.4090909090909091,9.0,24,1.0
72232,2.125,58.0,18,1.0
72256,-0.47619047619047616,8.0,22,-1.0
72277,0.0,8.0,52,0.0
72279,-0.42424242424242425,15.0,35,-1.0
72337,0.25,7.0,10,1.0
72358,-0.3142857142857143,20.0,37,-1.0
72432,-0.38095238095238093,16.0,23,-1.0
72456,0.875,7.0,18,1.0
72571,-0.625,13.0,10,-1.0
72576,1.6764705882352942,47.0,36,1.0
72650,-1.4285714285714286,6.0,15,-1.0
72765,-1.0,26.0,27,-1.0
73025,-0.4666666666666667,8.0,16,-1.0
73045,1.2222222222222223,24.0,29,1.0
73106,0.75,8.0,17,1.0
73303,0.5652173913043478,8.0,25,1.0
73379,0.1875,10.0,17,1.0
73457,0.18518518518518517,9.0,28,1.0
73465,0.0,6.0,41,0.0
73663,-2.5161290322580645,38.0,33,-1.0
73807,-0.23076923076923078,14.0,15,-1.0
73828,-0.041666666666666664,8.0,26,-1.0
74035,-0.36363636363636365,12.0,12,-1.0
74130,-0.43243243243243246,7.0,38,-1.0
74242,1.0,59.0,13,1.0
74268,0.25,9.0,14,1.0
74325,-0.1,5.0,22,-1.0
74335,-1.4285714285714286,7.0,30,-1.0
74367,0.09090909090909091,8.0,12,1.0
74475,-1.75,9.0,21,-1.0
74694,0.0,6.0,10,0.0
74924,-0.1566265060240964,5.0,84,-1.0
75067,0.045454545454545456,7.0,46,1.0
75083,-2.090909090909091,6.0,13,-1.0
75204,0.38461538461538464,11.0,15,1.0
